Fitness metrics: KappaLoss, CrossValidationLoss

Individual 104
Population size: 800
Generations: 200
Seed: 29
Max features: 50
Crossover probability: 0.9
Mutation probability: 1.0
Pool proportion (to population size): 0.5
Mean fitness values of each generation
[0.74622596 0.46270426]
[0.66644771 0.41257989]
[0.62129156 0.38457931]
[0.5781373  0.35804754]
[0.54068494 0.33730947]
[0.50761327 0.31517324]
[0.47643379 0.29668429]
[0.44601581 0.2783669 ]
[0.41914771 0.26404215]
[0.3956552  0.25102624]
[0.37502802 0.23994949]
[0.35512617 0.23045172]
[0.33916347 0.21934145]
[0.32263721 0.21189189]
[0.31066123 0.20616035]
[0.30140598 0.19863492]
[0.29125245 0.19165755]
[0.28089541 0.18567872]
[0.27361044 0.18044264]
[0.26538327 0.175462  ]
[0.2618921  0.17048332]
[0.25322384 0.16687384]
[0.24450103 0.16376387]
[0.23890236 0.16031588]
[0.23517047 0.15659113]
[0.23022192 0.15300119]
[0.22707636 0.14930361]
[0.22251242 0.14488505]
[0.21827232 0.14078971]
[0.21473263 0.13676832]
[0.21197857 0.1334484 ]
[0.20804487 0.13191203]
[0.20556726 0.12793464]
[0.20231655 0.12620605]
[0.20028341 0.12408156]
[0.19930554 0.12095157]
[0.19668775 0.1190628 ]
[0.19385384 0.1175865 ]
[0.19009782 0.11683712]
[0.18556732 0.11561635]
[0.18228447 0.11469039]
[0.18186214 0.11237218]
[0.18016469 0.11107726]
[0.17883686 0.11020173]
[0.17668266 0.10934577]
[0.17524882 0.10798971]
[0.17433912 0.10558049]
[0.17300882 0.10504153]
[0.17314784 0.10372758]
[0.1724557  0.10275569]
[0.16970194 0.10214634]
[0.1692534  0.09996406]
[0.1649666  0.10018604]
[0.16232203 0.10028327]
[0.16017938 0.09957422]
[0.15968933 0.09867293]
[0.15938876 0.09724173]
[0.15947125 0.09504202]
[0.1582299  0.09432512]
[0.15634706 0.09448329]
[0.15447151 0.09436281]
[0.15204394 0.09449554]
[0.15027419 0.0944152 ]
[0.14893056 0.09375018]
[0.14692221 0.09370796]
[0.14525788 0.09350113]
[0.14428309 0.09288197]
[0.14355425 0.09224501]
[0.14308614 0.09140691]
[0.14268927 0.09128739]
[0.14128381 0.09104404]
[0.13909997 0.09056732]
[0.13730042 0.0898495 ]
[0.13681246 0.08906446]
[0.1358467  0.08849605]
[0.13451461 0.08809767]
[0.13362423 0.08758501]
[0.13344371 0.08645437]
[0.13278348 0.08572453]
[0.13125921 0.08484556]
[0.13031874 0.08426937]
[0.12876829 0.08367893]
[0.12763495 0.083163  ]
[0.12761283 0.08229304]
[0.12590328 0.08252704]
[0.12573191 0.08127635]
[0.12443024 0.08121169]
[0.1237432  0.08075907]
[0.12358578 0.07981119]
[0.12202237 0.07950294]
[0.12156932 0.07859345]
[0.12020757 0.07792517]
[0.11908833 0.07760922]
[0.1175254  0.07727056]
[0.11691574 0.07658936]
[0.11702988 0.075158  ]
[0.11675428 0.0744385 ]
[0.11462056 0.07421697]
[0.11361726 0.07304553]
[0.11260422 0.07294845]
[0.11181988 0.07228387]
[0.10993925 0.07201365]
[0.1086152 0.0718144]
[0.1076606  0.07087289]
[0.10781099 0.06979559]
[0.10696745 0.06879134]
[0.10535223 0.06857697]
[0.10451602 0.06794407]
[0.10381    0.06748161]
[0.1026367  0.06730308]
[0.10128456 0.06732574]
[0.10063062 0.06669178]
[0.09896376 0.0667394 ]
[0.09753925 0.06671674]
[0.09713814 0.06621757]
[0.0966734  0.06553877]
[0.09588972 0.0650701 ]
[0.09543383 0.06445689]
[0.0946735 0.0635261]
[0.09371276 0.06342721]
[0.09300306 0.06277796]
[0.09307544 0.06128087]
[0.0914897  0.06154966]
[0.09076099 0.06094881]
[0.09018024 0.06027439]
[0.09001955 0.05950565]
[0.08956548 0.05881791]
[0.08897423 0.05840254]
[0.08854034 0.05840663]
[0.08840122 0.05729111]
[0.08715593 0.05693098]
[0.08635387 0.05682639]
[0.08572238 0.05610926]
[0.0849105  0.05600304]
[0.08466604 0.05541298]
[0.08431618 0.05436933]
[0.08396635 0.05352025]
[0.08290231 0.05348703]
[0.08247993 0.05286335]
[0.08229918 0.05233542]
[0.0817604  0.05183456]
[0.08094792 0.05159605]
[0.08063107 0.05106592]
[0.08041925 0.0500398 ]
[0.0798591  0.05000599]
[0.07942493 0.04970208]
[0.07946472 0.04878841]
[0.07862238 0.04870664]
[0.0781365  0.04818237]
[0.07771251 0.0479311 ]
[0.07710084 0.04787977]
[0.07665738 0.04766063]
[0.07587773 0.04761143]
[0.07564404 0.04734577]
[0.07482983 0.04741416]
[0.07470332 0.04685302]
[0.07431242 0.04655602]
[0.07353113 0.04664622]
[0.07298272 0.04617645]
[0.07290699 0.04549189]
[0.07246326 0.04469471]
[0.07174552 0.04444493]
[0.07144939 0.04355882]
[0.07099449 0.04304502]
[0.07080437 0.04171872]
[0.07026658 0.04118138]
[0.07014035 0.03991887]
[0.06976131 0.03896033]
[0.06950672 0.03814884]
[0.06899851 0.03704089]
[0.06823691 0.03673671]
[0.06759233 0.03658499]
[0.06686306 0.03664037]
[0.06628227 0.0361563 ]
[0.06595412 0.03559171]
[0.06516251 0.03548678]
[0.06482404 0.03533623]
[0.06438103 0.03502488]
[0.06419029 0.03468475]
[0.06396694 0.03461031]
[0.06374574 0.03413249]
[0.06359761 0.03353623]
[0.06322754 0.03339727]
[0.06300566 0.03325094]
[0.06273107 0.03308016]
[0.06245691 0.03294713]
[0.06233006 0.03254566]
[0.06209762 0.03229744]
[0.0619601  0.03207211]
[0.06167563 0.03194257]
[0.06157026 0.03172603]
[0.06095917 0.03192931]
[0.06066429 0.03195115]
[0.06014837 0.03209341]
[0.0599907  0.03177337]
[0.05985362 0.03164926]
[0.05987396 0.03142128]
[0.05969516 0.03122185]
[0.05947401 0.03103809]
[0.05948412 0.03074425]
[0.05934686 0.03055124]



Individual 107
Population size: 800
Generations: 200
Seed: 29
Max features: 50
Crossover probability: 0.9
Mutation probability: 1.0
Pool proportion (to population size): 0.5
Mean fitness values of each generation
[0.67196231 0.45817988]
[0.60835952 0.41485879]
[0.57873982 0.39553158]
[0.55217688 0.37780973]
[0.53063732 0.35900206]
[0.51518284 0.34244449]
[0.49684652 0.32736416]
[0.47886619 0.31298951]
[0.46410911 0.29930531]
[0.44831338 0.28690973]
[0.43512717 0.27491434]
[0.4240016  0.26209661]
[0.41116633 0.25310815]
[0.39902603 0.24495507]
[0.39102293 0.23545181]
[0.382143   0.22744039]
[0.37499511 0.2204127 ]
[0.36876038 0.21335205]
[0.3633344  0.20736667]
[0.35767425 0.20334119]
[0.35273   0.1979726]
[0.34749888 0.19361629]
[0.34249103 0.18918662]
[0.33736884 0.1862839 ]
[0.33269372 0.18347499]
[0.32915273 0.17800194]
[0.32546891 0.17470616]
[0.32104398 0.17172791]
[0.31670463 0.16831583]
[0.31237041 0.16529871]
[0.3092403  0.16217322]
[0.30476398 0.1597187 ]
[0.30211127 0.15720003]
[0.29890044 0.15387737]
[0.29583247 0.15057716]
[0.29252044 0.14829691]
[0.29124153 0.1450249 ]
[0.28781644 0.14366088]
[0.28629164 0.13958811]
[0.28502699 0.13681844]
[0.28284349 0.1354656 ]
[0.28002212 0.13482066]
[0.27650893 0.13317147]
[0.27353861 0.13193998]
[0.27146827 0.13037294]
[0.26859163 0.12897618]
[0.26705592 0.1273913 ]
[0.26464608 0.12646538]
[0.26249431 0.12574469]
[0.26110806 0.1247151 ]
[0.25924572 0.12362795]
[0.25727531 0.12215708]
[0.25561852 0.1206216 ]
[0.25428449 0.11899936]
[0.25353314 0.11711165]
[0.25184941 0.11615771]
[0.24993898 0.11541132]
[0.24774141 0.11557403]
[0.24746759 0.11404992]
[0.24616464 0.11363592]
[0.24497984 0.11320317]
[0.2436267  0.11228356]
[0.24323779 0.11126112]
[0.24208027 0.11092565]
[0.24063722 0.11070115]
[0.23901977 0.1098819 ]
[0.23793929 0.10904251]
[0.23700837 0.10815477]
[0.23554944 0.10735457]
[0.2352897  0.10569965]
[0.23407428 0.10518174]
[0.23388867 0.10401134]
[0.23134915 0.10405307]
[0.23037277 0.10363658]
[0.22933441 0.10270882]
[0.22768717 0.10253609]
[0.22846274 0.1003411 ]
[0.22816823 0.0991705 ]
[0.22695237 0.09869696]
[0.22602927 0.0981818 ]
[0.22489544 0.09769617]
[0.22351965 0.09786527]
[0.22286875 0.09703065]
[0.22262792 0.09539296]
[0.22256708 0.09439846]
[0.22134099 0.09434692]
[0.2197993  0.09433865]
[0.21919124 0.09380586]
[0.21687959 0.09377519]
[0.21575654 0.09282225]
[0.21454973 0.09221533]
[0.2131856  0.09239839]
[0.21186085 0.09210906]
[0.21093516 0.09173404]
[0.21001051 0.09171965]
[0.20973592 0.09092298]
[0.21001895 0.08979176]
[0.20899109 0.08982925]
[0.20795194 0.08976518]
[0.20649412 0.08969761]
[0.20589574 0.08918006]
[0.20654363 0.08779503]
[0.20503018 0.08711379]
[0.20401161 0.08681689]
[0.20335982 0.08593925]
[0.20269873 0.08543183]
[0.20230134 0.08459657]
[0.20118903 0.08466279]
[0.20055876 0.08438956]
[0.19971699 0.08430781]
[0.19950781 0.08362012]
[0.19956945 0.08238557]
[0.19917098 0.08198921]
[0.19813385 0.0819792 ]
[0.19725399 0.0817132 ]
[0.1961333  0.08153096]
[0.19462011 0.0816866 ]
[0.19343287 0.08145171]
[0.19239383 0.08119171]
[0.19152183 0.08101836]
[0.19095678 0.08091181]
[0.19046363 0.08055215]
[0.18998002 0.08018072]
[0.18897147 0.0801739 ]
[0.18872733 0.07982217]
[0.18856932 0.07944809]
[0.18806555 0.07911719]
[0.18778252 0.07900734]
[0.18689094 0.07906948]
[0.18720529 0.07805542]
[0.18658569 0.07804229]
[0.18661635 0.077357  ]
[0.18659574 0.07676121]
[0.18589332 0.07665483]
[0.18593654 0.07543032]
[0.18535877 0.07487556]
[0.18421202 0.07488014]
[0.18428506 0.07422479]
[0.1834461 0.0739865]
[0.18244985 0.0742702 ]
[0.18225099 0.07383064]
[0.18206223 0.07335676]
[0.18141168 0.07324984]
[0.1805095  0.07311489]
[0.18025882 0.07250376]
[0.17954511 0.07200632]
[0.17849753 0.0720677 ]
[0.17759339 0.07219473]
[0.17716319 0.07202563]
[0.17651076 0.07203624]
[0.1760497  0.07184481]
[0.17556648 0.07144411]
[0.1754512  0.07076695]
[0.17438994 0.07095594]
[0.17439947 0.07042471]
[0.17412643 0.07025034]
[0.17348709 0.06982022]
[0.17278361 0.06951306]
[0.17219515 0.0695905 ]
[0.17176528 0.06860981]
[0.17126154 0.06814152]
[0.17025274 0.06808682]
[0.17021987 0.06756713]
[0.16995714 0.06747023]
[0.16833978 0.06802348]
[0.16785646 0.06749883]
[0.16697331 0.06747528]
[0.16655369 0.06752335]
[0.16560912 0.06700268]
[0.16581892 0.06610025]
[0.1658088  0.06550844]
[0.16491695 0.0654475 ]
[0.16506315 0.06446818]
[0.1631614  0.06494465]
[0.16300403 0.06440693]
[0.16198582 0.06442418]
[0.16225713 0.06379811]
[0.16244584 0.06311835]
[0.16209931 0.06257866]
[0.16135386 0.06247445]
[0.16077563 0.06203896]
[0.16005031 0.06202231]
[0.1593885  0.06130755]
[0.15932517 0.06090911]
[0.15873635 0.06069407]
[0.15864113 0.06025822]
[0.15781007 0.06023874]
[0.15657116 0.06027734]
[0.15606808 0.06017002]
[0.15524955 0.0602164 ]
[0.15457687 0.05984463]
[0.15349502 0.05988366]
[0.15291622 0.05980936]
[0.15151802 0.06020627]
[0.15128627 0.05971583]
[0.15150599 0.05904229]
[0.1512756  0.05891233]
[0.15053012 0.05883225]
[0.15049808 0.05836816]
[0.15035061 0.0581174 ]
[0.14972061 0.05805914]



Individual 110
Population size: 800
Generations: 200
Seed: 29
Max features: 50
Crossover probability: 0.9
Mutation probability: 1.0
Pool proportion (to population size): 0.5
Mean fitness values of each generation
[0.70637966 0.45774187]
[0.63813368 0.41000218]
[0.60850398 0.3882996 ]
[0.58286657 0.37270794]
[0.56106807 0.35758988]
[0.54244294 0.34531329]
[0.52061647 0.33104425]
[0.49955511 0.32102063]
[0.48199982 0.30950635]
[0.46332126 0.2997248 ]
[0.4485628  0.28872163]
[0.43305086 0.27777242]
[0.42025115 0.26917044]
[0.40458725 0.26100992]
[0.3926539  0.25317302]
[0.38036338 0.2459246 ]
[0.37091187 0.23843333]
[0.3587861  0.23152798]
[0.35154011 0.22519206]
[0.34485871 0.21936806]
[0.33973242 0.21237956]
[0.33108149 0.20893373]
[0.3254523  0.20443512]
[0.31967356 0.20031647]
[0.3135132  0.19510139]
[0.30840234 0.19221567]
[0.30336007 0.18930595]
[0.30026707 0.18563452]
[0.29671951 0.18210099]
[0.29311918 0.1796123 ]
[0.29025384 0.17647659]
[0.28848376 0.17340099]
[0.2849438  0.17162262]
[0.28138511 0.16999286]
[0.27756162 0.16835099]
[0.27593114 0.16581944]
[0.27566739 0.16317698]
[0.27322473 0.16154246]
[0.27162387 0.16012917]
[0.26881342 0.15810119]
[0.26728522 0.15691806]
[0.26325076 0.15593095]
[0.26088201 0.15477857]
[0.26013713 0.15291667]
[0.2577551  0.15132044]
[0.25632218 0.14942123]
[0.25433094 0.14867976]
[0.25254995 0.1478498 ]
[0.25073867 0.14651766]
[0.24951579 0.14569821]
[0.24827061 0.14490754]
[0.24836642 0.14306488]
[0.24728119 0.14249702]
[0.24641739 0.14168452]
[0.24450099 0.14107143]
[0.24493296 0.1392877 ]
[0.24450131 0.13845377]
[0.24400547 0.13755694]
[0.24213028 0.13673591]
[0.24209947 0.13561825]
[0.24220495 0.13382599]
[0.2420257  0.13270694]
[0.24005442 0.1327129 ]
[0.2390206  0.13222083]
[0.23770286 0.13174127]
[0.23641814 0.13139008]
[0.23532109 0.13090754]
[0.2326657 0.1311006]
[0.23220239 0.13013472]
[0.23129602 0.12940655]
[0.23075714 0.1283377 ]
[0.22919647 0.12838353]
[0.22954387 0.1272248 ]
[0.22741569 0.12766746]
[0.22643586 0.12728353]
[0.22537234 0.12684008]
[0.2244975  0.12635714]
[0.22333684 0.12649821]
[0.22325253 0.12491647]
[0.22209457 0.12464325]
[0.22258002 0.12295933]
[0.22163303 0.1224375 ]
[0.22149602 0.12172044]
[0.22135932 0.12042778]
[0.21988396 0.11997738]
[0.21872474 0.11935079]
[0.21871423 0.11831528]
[0.21845132 0.11759425]
[0.21749389 0.11708353]
[0.21774808 0.11549167]
[0.21660922 0.11524702]
[0.21538503 0.11469603]
[0.21467956 0.11417837]
[0.21369043 0.11380278]
[0.21301532 0.1133996 ]
[0.21258294 0.11305437]
[0.2114545  0.11278591]
[0.21035851 0.11257718]
[0.20994868 0.11193671]
[0.20887491 0.11142917]
[0.20895949 0.1101746 ]
[0.20782157 0.1095123 ]
[0.20538657 0.11009286]
[0.20476431 0.10968651]
[0.20406884 0.10935496]
[0.20225716 0.10936944]
[0.20203585 0.10868671]
[0.20220464 0.10749266]
[0.20227805 0.10656528]
[0.20167798 0.10598056]
[0.20071819 0.1057504 ]
[0.20035991 0.10546567]
[0.19982173 0.10498075]
[0.19981188 0.10409464]
[0.19861139 0.10428135]
[0.19812557 0.10371052]
[0.19724102 0.10309325]
[0.19635547 0.10285198]
[0.19609213 0.10215536]
[0.19564983 0.10159067]
[0.19542855 0.10113075]
[0.19482775 0.10048968]
[0.1941415  0.10033948]
[0.19314001 0.10016587]
[0.19287671 0.09952044]
[0.19305629 0.09865496]
[0.19310975 0.09790952]
[0.19242478 0.09741627]
[0.19167608 0.0970875 ]
[0.19091702 0.09660655]
[0.18874617 0.0968756 ]
[0.18839757 0.09601925]
[0.18775543 0.09552103]
[0.18726013 0.09535536]
[0.18624827 0.09546369]
[0.18606938 0.09489841]
[0.18524645 0.09441687]
[0.18457288 0.09414921]
[0.18324529 0.09425873]
[0.18295042 0.09358909]
[0.18288771 0.0929131 ]
[0.18207696 0.09251548]
[0.18198229 0.09180675]
[0.18188693 0.09123948]
[0.18140251 0.0909881 ]
[0.18106577 0.09023274]
[0.18043353 0.08985258]
[0.17873714 0.08964444]
[0.1783792  0.08884841]
[0.17704161 0.0888129 ]
[0.17586155 0.08901726]
[0.17527202 0.08885496]
[0.17512421 0.0884    ]
[0.17507169 0.08761131]
[0.17480818 0.08719087]
[0.17452391 0.08663571]
[0.17437652 0.08637262]
[0.17468184 0.08576508]
[0.17411306 0.08519524]
[0.17341765 0.0849369 ]
[0.17336561 0.08426329]
[0.17310244 0.08309365]
[0.17211232 0.08273452]
[0.171923   0.08176885]
[0.17202842 0.08090952]
[0.17062704 0.08071468]
[0.17025804 0.08007857]
[0.17003682 0.07909087]
[0.16946832 0.07885159]
[0.16928921 0.07809048]
[0.16866706 0.07775298]
[0.16714001 0.07769405]
[0.16733984 0.07680675]
[0.16666604 0.07666528]
[0.16618141 0.07629385]
[0.16445343 0.07660734]
[0.16341029 0.07642143]
[0.16260963 0.07619425]
[0.16210416 0.07547758]
[0.16239926 0.07422282]
[0.16232545 0.07345357]
[0.16194635 0.0725877 ]
[0.16060844 0.07247857]
[0.15989231 0.0720627 ]
[0.15883905 0.07169325]
[0.15850267 0.07130099]
[0.15797564 0.07052163]
[0.15750158 0.07015278]
[0.15682727 0.06977817]
[0.15528936 0.0695494 ]
[0.1545734  0.06905079]
[0.15308825 0.06924147]
[0.1529513  0.06844484]
[0.15236155 0.06787579]
[0.15187702 0.06749365]
[0.15130888 0.06695099]
[0.15176243 0.06589167]
[0.15163612 0.06515   ]
[0.15149955 0.06422341]
[0.15090958 0.06370099]
[0.150298   0.06324087]



