0.72055636 0.47601443
0.65883871 0.43744054
0.62586427 0.41505052
0.59959869 0.39774386
0.57884459 0.38043732
0.5594607 0.36797252
0.54714637 0.35545082
0.53464241 0.34793379
0.52606062 0.33962515
0.51683799 0.33303165
0.50604125 0.32640492
0.4947396 0.31884809
0.4846569 0.31173415
0.47111743 0.30692428
0.46314146 0.29785471
0.4517643 0.29234909
0.44318885 0.28697077
0.43712846 0.27741868
0.42936569 0.27378181
0.42565879 0.26515847
0.41890831 0.26048519
0.41182512 0.25509401
0.40906646 0.24861692
0.4053405 0.24340013
0.40200259 0.23645706
0.39750259 0.2344101
0.39460837 0.23071423
0.39210785 0.22715465
0.38649921 0.22646863
0.38223334 0.22505029
0.37872447 0.2235546
0.373234 0.22271963
0.37059042 0.22094489
0.3668715 0.21892503
0.36310713 0.21707385
0.36102709 0.21557884
0.35841246 0.21312272
0.35090864 0.21387425
0.34647607 0.21168393
0.34508362 0.20707865
0.34039748 0.20384208
0.3368128 0.20050303
0.33474623 0.19578347
0.33312241 0.19236687
0.33082294 0.19036936
0.32844203 0.18724756
0.32826855 0.18467426
0.32778951 0.18221682
0.32538671 0.18060448
0.32479005 0.1775475
0.32151632 0.17695028
0.32137437 0.17345842
0.31779281 0.17395157
0.31837846 0.1723155
0.31621949 0.17160347
0.31488177 0.16987016
0.31312272 0.1697868
0.31253512 0.16779522
0.31261948 0.16665628
0.31177623 0.1665435
0.30914432 0.16648325
0.30964836 0.16434111
0.30808494 0.16332487
0.30383598 0.16356486
0.3031354 0.16229861
0.30171009 0.16193199
0.30093192 0.16111038
0.29869938 0.16075295
0.29492497 0.16133985
0.29579184 0.15961623
0.29665814 0.15804263
0.29691462 0.15654689
0.29386821 0.15675753
0.29319114 0.15631461
0.29231611 0.15627033
0.29139341 0.15614
0.29064116 0.1557907
0.28937891 0.15569346
0.28917641 0.15530576
0.28934352 0.1545016
0.28853197 0.15411034
0.28701327 0.15477901
0.28522271 0.15501168
0.2848027 0.15507643
0.28421499 0.1546533
0.28337043 0.15450097
0.2819704 0.15493754
0.28109771 0.15474492
0.27880242 0.15585601
0.27933338 0.15483797
0.2786649 0.15469957
0.27925114 0.15356295
0.27950559 0.15285686
0.2800918 0.1519236
0.27953644 0.15177942
0.27884144 0.15190593
0.27811426 0.15207735
0.27623217 0.15320799
0.27609681 0.15279904
0.27408045 0.15352907
0.27455748 0.15278168
0.27422169 0.15282853
0.27327085 0.15325633
0.27355287 0.15283463
0.27397429 0.15222417
0.27428259 0.15087134
0.2745879 0.15032308
0.2742295 0.14976395
0.2738972 0.14985507
0.27317055 0.14928938
0.27096187 0.14964519
0.27104806 0.14907267
0.27141346 0.14845228
0.27181151 0.14756898
0.27310571 0.14542033
0.27313708 0.14409279
0.27262892 0.14431875
0.27257546 0.14325207
0.2720213 0.1433035
0.27070867 0.14360103
0.26998304 0.14352751
0.26822321 0.14367984
0.26803239 0.142743
0.26915878 0.14038172
0.26924473 0.13948443
0.26896801 0.13913582
0.26644297 0.13954053
0.26641812 0.13864357
0.26602669 0.13876404
0.26451271 0.13957284
0.26515598 0.13856534
0.26352851 0.13897992
0.26151185 0.13975837
0.26179878 0.13847486
0.26274511 0.13726614
0.26181809 0.13763645
0.26117083 0.13729465
0.26063695 0.13724886
0.26041527 0.13668211
0.25906629 0.13771377
0.25771376 0.13774127
0.25499196 0.13865262
0.25311317 0.13965719
0.25316976 0.1391332
0.25356208 0.13849288
0.25339397 0.1380274
0.25403657 0.13708949
0.2528302 0.1366746
0.25302219 0.13625567
0.25206953 0.13662119
0.25125486 0.1362901
