0.79465503 0.48708682
0.70294077 0.42949064
0.64769929 0.39900172
0.60611958 0.37516653
0.57088805 0.35329249
0.5295306 0.33353575
0.48981672 0.31299946
0.45446179 0.29382102
0.42303296 0.27544218
0.39852573 0.26250795
0.37339557 0.24854969
0.35211174 0.23793589
0.33801124 0.22536812
0.32418175 0.21746509
0.30975268 0.21075796
0.29957033 0.20329519
0.28759948 0.19871527
0.27870603 0.19294284
0.26698113 0.18978737
0.25885221 0.18631158
0.25165802 0.18279074
0.24645915 0.17683171
0.24366269 0.17332671
0.23605917 0.17135078
0.22877729 0.17017913
0.22355539 0.16822666
0.21778418 0.16738988
0.21372441 0.16360982
0.21207126 0.15995781
0.20934246 0.15604381
0.20685051 0.15153411
0.20366283 0.14813659
0.20091439 0.14442626
0.19813779 0.14179943
0.19463064 0.13947997
0.19403193 0.13418099
0.1915526 0.13190868
0.18733816 0.1303431
0.18414277 0.12800121
0.18217483 0.12534595
0.17837423 0.12413948
0.17697849 0.12117945
0.1724211 0.12090695
0.17114021 0.11883082
0.1688941 0.11706679
0.16836221 0.11371378
0.16933929 0.1102329
0.16871089 0.10865177
0.16832025 0.10561807
0.16649931 0.10472681
0.16361397 0.10490031
0.1598184 0.10529096
0.15855771 0.10416289
0.15527565 0.1044584
0.15357873 0.1040257
0.15380457 0.10220452
0.15231487 0.10214256
0.15104581 0.10185018
0.15210501 0.09976266
0.15115041 0.09905824
0.14993377 0.09871259
0.14632203 0.0997016
0.14516733 0.09885291
0.14519917 0.09762549
0.14485871 0.09700824
0.1437953 0.0968236
0.14179823 0.09702896
0.13987974 0.09720342
0.13813323 0.09745099
0.13797317 0.09605196
0.13713762 0.09544616
0.13558462 0.09538943
0.13461914 0.09455747
0.13497959 0.09309602
0.13415346 0.09284897
0.1349371 0.09128692
0.13413865 0.09106702
0.13332111 0.09045883
0.13376629 0.08933689
0.13308599 0.08889848
0.13279833 0.08826435
0.1310895 0.08817217
0.12911379 0.08839397
0.12936442 0.08759047
0.12782568 0.08732866
0.12783519 0.08646244
0.12723073 0.08614844
0.12686981 0.08557387
0.12724122 0.08508977
0.12629961 0.08509968
0.12593863 0.08466671
0.12584421 0.08431648
0.12576021 0.08394764
0.12505066 0.08375099
0.12443512 0.08367538
0.12399949 0.08351764
0.12337197 0.0835233
0.12219308 0.08380174
0.12249978 0.08347996
0.12286212 0.08287459
0.12237328 0.08280903
0.12244857 0.08241842
0.12280832 0.08183946
0.12295951 0.08135055
0.12260573 0.0814919
0.12154062 0.08169212
0.12194405 0.08132069
0.1212965 0.08158538
0.12074493 0.08172488
0.12108438 0.08108816
0.12141345 0.08083917
0.12091586 0.08108149
0.11924992 0.08156293
0.11779477 0.08198308
0.11797361 0.08185979
0.11739963 0.08207361
0.11845831 0.08125082
0.11801141 0.08137708
0.11765076 0.08100431
0.11648258 0.08147403
0.11621733 0.08146178
0.11680119 0.08067385
0.11759689 0.08011108
0.11697123 0.08022706
0.11529411 0.08094309
0.11548659 0.08075143
0.11456164 0.08098778
0.11454016 0.08073342
0.11442227 0.08037786
0.11536683 0.07985184
0.11483572 0.07966956
0.11573526 0.07905385
0.11627738 0.07869812
0.1161727 0.07891114
0.11612856 0.07868409
0.1160088 0.07819702
0.11683811 0.07757576
0.11726499 0.07725592
0.11834829 0.07637784
0.11825474 0.07548211
0.11813854 0.07519486
0.11843282 0.07450409
0.11893045 0.07392208
0.1207443 0.07288248
0.1216329 0.07178589
0.12175039 0.07160095
0.12168551 0.07138801
0.1216112 0.07100073
0.12125985 0.07110498
0.12127206 0.07071066
0.12188836 0.07017554
0.12231328 0.06959465
0.1206867 0.06985232
0.12106805 0.06963475
0.12268075 0.06883657
0.12382665 0.06838741
0.12358189 0.06800012
0.12270417 0.06765034
0.12211107 0.06750665
0.12145231 0.06732126
0.12120957 0.06684828
0.11981799 0.06720422
0.11897323 0.06717681
0.11932367 0.06701988
0.1194949 0.06672819
0.11818981 0.06694015
0.11762854 0.06660463
0.11735441 0.06629365
0.1175886 0.06609581
0.11689073 0.06604482
0.11667743 0.06584789
0.11565786 0.06574244
0.11521299 0.06558855
0.11419425 0.06542347
0.11275168 0.06571008
0.1120941 0.06572837
0.11073627 0.06571695
0.10897697 0.06588338
0.10832083 0.06580982
0.10683724 0.06596443
0.10571421 0.06567602
0.10019159 0.06674604
0.09636552 0.06745331
0.09535882 0.06732954
0.09352449 0.06714073
0.09135245 0.06760661
0.08932866 0.06764232
0.08906299 0.06747259
0.08778041 0.06754832
0.08604154 0.06755315
0.08454628 0.0673319
0.08439838 0.0670104
0.08396339 0.06662937
0.08404861 0.06627541
0.08234229 0.06613
0.08170723 0.06605139
0.08038234 0.06590939
0.0803606 0.06584673
0.07946044 0.06560948
0.07941783 0.0655183
0.07943854 0.06538542
