0.72311408 0.46887202
0.66033541 0.42385992
0.62758842 0.4024502
0.60196951 0.38555317
0.58142063 0.36963433
0.55935919 0.35507143
0.539135 0.34388294
0.52136232 0.33218869
0.50804812 0.31805833
0.49189647 0.30813968
0.47812055 0.30000397
0.46387641 0.29185595
0.44946336 0.28364722
0.43464221 0.27612222
0.42013183 0.2709629
0.40754403 0.26606508
0.39839287 0.26161806
0.39175548 0.25747738
0.38586421 0.25312222
0.37750237 0.24883909
0.37114267 0.2442875
0.36559464 0.23973274
0.35932286 0.23631409
0.3549118 0.23284286
0.35027064 0.22811369
0.34414889 0.22500476
0.34132456 0.22053214
0.33639396 0.21773036
0.32857271 0.21546032
0.32555786 0.21214325
0.32214466 0.20877103
0.31741608 0.20518393
0.31307898 0.20400179
0.30933329 0.20182579
0.30786934 0.19891746
0.30435583 0.19724266
0.30073846 0.19479325
0.29923561 0.19069841
0.29677899 0.1873496
0.29505413 0.18363274
0.29124607 0.18157143
0.28579248 0.17997044
0.28160681 0.17870139
0.28068407 0.17448571
0.27842242 0.17112242
0.27609665 0.16926925
0.27381132 0.1673502
0.27086199 0.1664748
0.26789385 0.16557679
0.26670489 0.16418591
0.2656933 0.16245179
0.26534633 0.16116409
0.26316469 0.16078433
0.26236582 0.15940337
0.26052093 0.15902044
0.25989937 0.15774583
0.25989988 0.15556786
0.25782607 0.15465774
0.25791973 0.15300575
0.25595272 0.15221488
0.25510037 0.15062282
0.25463603 0.1499369
0.25376424 0.14906667
0.25139664 0.14926548
0.2513126 0.14777123
0.2507877 0.14681091
0.25025274 0.14596607
0.24922229 0.14541706
0.2470651 0.14533135
0.24506483 0.14504841
0.24145355 0.1451875
0.24069673 0.14417976
0.2380441 0.1444254
0.2364129 0.14381726
0.23447681 0.14368135
0.23143429 0.14374048
0.23054004 0.14283313
0.22951778 0.14245615
0.22765469 0.14163829
0.22453954 0.14115635
0.22232886 0.14070615
0.22024458 0.14019365
0.21756054 0.14009345
0.21749736 0.13865417
0.21515943 0.13836012
0.21454957 0.13715952
0.21200224 0.13669167
0.21087708 0.13491964
0.20958286 0.13429663
0.20849814 0.13363075
0.2071183 0.13297123
0.20663441 0.13192004
0.20552845 0.13164246
0.20585629 0.1301127
0.20567725 0.12945456
0.20587635 0.12856587
0.20568673 0.12775417
0.2046027 0.12717341
0.2045497 0.12659286
0.20330673 0.12609008
0.20286508 0.1252129
0.20207522 0.12457183
0.20127471 0.12431845
0.20071644 0.12427024
0.19950592 0.12421925
0.19862192 0.12426052
0.19787344 0.12404444
0.19713678 0.12366429
0.19630354 0.1241756
0.19554411 0.12401171
0.1938285 0.12360992
0.19358644 0.12288671
0.19161727 0.12269762
0.18929971 0.12264802
0.18874043 0.1221373
0.18780408 0.12200456
0.18707786 0.12123175
0.18617241 0.12119504
0.18513131 0.12104841
0.1849204 0.12029425
0.18467794 0.11994683
0.18466672 0.11938889
0.18430858 0.11897222
0.18406685 0.11839623
0.18355043 0.11823294
0.18291843 0.11817639
0.18286542 0.11790952
0.18266503 0.117525
0.1820541 0.11730258
0.18162289 0.11715119
0.18111776 0.11656667
0.18088624 0.11623274
0.18060158 0.1162879
0.18031674 0.11613948
0.18022185 0.11587222
0.18030615 0.11524028
0.18012744 0.11492639
0.18001177 0.11467282
0.17972808 0.11457421
0.17959098 0.1145248
0.17952774 0.11427143
0.17922229 0.11426329
0.17899073 0.11419306
0.17865403 0.11421409
0.17855981 0.11384802
0.17860192 0.1136123
0.17863334 0.11333552
0.17873834 0.11289643
0.17878035 0.11259087
0.17854854 0.11253532
0.17832791 0.11243631
0.17825427 0.1121623
0.17819059 0.11207897
0.17823264 0.11188532
0.17828521 0.11159365
0.17811698 0.1117252
0.17813788 0.1115996
0.17814822 0.11150933
0.17814799 0.11142599
0.17822132 0.1112879
0.17830527 0.11114167
0.17828394 0.11103849
0.17835729 0.11085794
0.17854676 0.1104619
0.17863042 0.11030298
0.17865128 0.11005397
0.1787983 0.10970754
0.17859818 0.10955556
0.17865047 0.10919563
0.17883947 0.10904504
0.17852334 0.10885774
0.17836602 0.10858651
0.17840763 0.10817778
0.17812304 0.1081496
0.17746078 0.10847738
0.17740895 0.10812421
0.17730422 0.10776944
0.17738817 0.10770099
0.17730427 0.1073129
0.17720919 0.10725119
0.17708241 0.10724563
0.17703993 0.10713552
0.17685033 0.10706647
0.17566042 0.10702599
0.17530232 0.10637599
0.17484912 0.10638591
0.17491203 0.10607956
0.17485892 0.10582183
0.17470057 0.1058381
0.17465834 0.10560099
0.17490055 0.10492282
0.17470115 0.10487718
0.17456508 0.1046627
0.17441829 0.10445536
0.17436608 0.10414226
0.17416683 0.1039496
0.17439895 0.10298433
0.17424034 0.1027754
0.17397612 0.10276905
0.17411267 0.10232143
0.17397553 0.10219385
