0.79059196 0.48318682
0.70509748 0.43064416
0.64886388 0.39282681
0.60323562 0.36842215
0.56003644 0.34472284
0.52343683 0.32082771
0.48357186 0.30397234
0.45201591 0.28656695
0.42224624 0.27330153
0.39677916 0.25869734
0.37563955 0.24296496
0.35998555 0.23406215
0.34788911 0.22584911
0.33769704 0.22109961
0.32828589 0.2161281
0.32190918 0.21135218
0.3097197 0.20861071
0.30196021 0.2015407
0.29394374 0.19540285
0.28954677 0.19091547
0.27958814 0.18731559
0.2730947 0.18078224
0.25718475 0.17861653
0.24855913 0.17318889
0.2409309 0.16841231
0.23100039 0.16366514
0.22222057 0.16020156
0.21972662 0.15484775
0.20737744 0.15492638
0.19895139 0.15406291
0.19239075 0.15175215
0.1882887 0.14929953
0.18603487 0.14790227
0.18231848 0.14521088
0.1792022 0.1443133
0.17901706 0.14211552
0.17571307 0.14165521
0.17446481 0.14128621
0.17464117 0.13957662
0.17215048 0.13878793
0.16687215 0.14039448
0.16273941 0.14047716
0.16153138 0.13947619
0.16141742 0.13761842
0.15971968 0.13715014
0.15906909 0.13558766
0.16008553 0.13446186
0.1560795 0.13433416
0.15363842 0.13464041
0.15263017 0.13464815
0.15239331 0.13302186
0.14985481 0.13252287
0.15208655 0.12956707
0.15519821 0.12751213
0.15401076 0.12638383
0.15542617 0.12529209
0.15220779 0.12547739
0.15517092 0.12345849
0.15280039 0.12271057
0.15047354 0.12291347
0.15028608 0.12175577
0.14715892 0.1217533
0.14305121 0.12231226
0.14094542 0.12292996
0.14086552 0.1223322
0.1404203 0.12197233
0.13861779 0.12200469
0.13969427 0.12044685
0.1394384 0.11951464
0.13701442 0.11998966
0.13857223 0.11834962
0.13820743 0.11820189
0.13959248 0.11712345
0.13903101 0.11694127
0.14388794 0.11379372
0.14258434 0.11323152
0.14396281 0.11257151
0.14279781 0.11249728
0.14212025 0.11192084
0.14234313 0.11129236
0.14087596 0.11124961
0.13890212 0.11179605
0.13396691 0.11283539
0.13402081 0.11239059
0.13481096 0.11192478
0.13410816 0.11198547
0.12956406 0.11326106
0.12891539 0.11289765
0.12643307 0.11390232
0.12628776 0.11432126
0.12456649 0.11418589
0.12521494 0.11343591
0.12727209 0.11209904
0.12455891 0.1126683
0.12608714 0.11123133
0.12850887 0.10910911
0.12882105 0.10804725
0.12977962 0.1073029
0.12972416 0.10686903
0.13051459 0.10647153
0.13040546 0.10616794
0.12995167 0.10626621
0.12949856 0.10602942
0.1291244 0.10565507
0.12951864 0.10503169
0.13047322 0.10408929
0.13236278 0.10261258
0.13055545 0.10259615
0.12866736 0.10306047
0.12742633 0.10351762
0.12593062 0.10368137
0.12666224 0.10299002
0.12606945 0.10270951
0.12533351 0.10255922
0.1243113 0.10228752
0.12461189 0.10145062
0.12353364 0.10085963
0.12336381 0.09998357
0.12234211 0.09965311
0.12118392 0.09968759
0.12152064 0.099382
0.12160972 0.09932441
0.1215754 0.09872269
0.11956907 0.09951892
0.11869614 0.09933312
0.11971383 0.09982467
0.11660814 0.10061416
0.11700036 0.10031193
0.1197336 0.09876765
0.11993191 0.0985757
0.12006951 0.09816701
0.1200723 0.09821953
0.11863479 0.09794779
0.11679846 0.09841573
0.11547392 0.09881722
0.11699247 0.09683609
0.11690568 0.0962426
0.11495556 0.09671719
0.11272887 0.09692415
0.11306702 0.09711087
0.11284 0.09737027
0.11188265 0.09753844
0.11163039 0.09781436
0.11173777 0.09734643
0.11249626 0.09654692
0.11167708 0.09695044
0.1103244 0.09750536
0.10973326 0.09800615
0.10993478 0.09857286
0.1102983 0.09771999
0.11010323 0.09782807
