0.72764533 0.48001728
0.66108098 0.43479413
0.62972491 0.41350092
0.60357799 0.39494647
0.57853485 0.37734981
0.55994125 0.36140168
0.53991838 0.34663269
0.5250926 0.33282454
0.51030875 0.320738
0.49734472 0.30693693
0.48304248 0.29540668
0.46832875 0.28503658
0.45538925 0.27492707
0.4429149 0.26457502
0.43000652 0.25803451
0.41709657 0.25103501
0.4082405 0.24300805
0.39630974 0.23636382
0.38571748 0.22876633
0.3774353 0.22259872
0.37145513 0.2166533
0.36508339 0.2112945
0.36096157 0.20650899
0.35505242 0.20322971
0.35088008 0.19994878
0.34583441 0.19737201
0.34203706 0.19450662
0.33977868 0.19138664
0.33334294 0.19059941
0.33137937 0.18703332
0.32866049 0.18515744
0.32589042 0.18398082
0.32436335 0.18149707
0.32177385 0.17925013
0.31759756 0.17940959
0.31405983 0.17816871
0.31160952 0.17537634
0.30953148 0.17344528
0.30496888 0.17314446
0.30277076 0.17115359
0.30062345 0.16925494
0.29893391 0.16650776
0.29734182 0.16356837
0.29589003 0.16053517
0.29459212 0.15803606
0.29351405 0.15591242
0.29140194 0.15270168
0.28763166 0.15128389
0.28534767 0.15072309
0.28362149 0.14939395
0.28368517 0.14646963
0.28235149 0.14574811
0.28304623 0.14352353
0.28092679 0.14275276
0.28100326 0.1413238
0.28059117 0.14016497
0.27940007 0.13902185
0.27836174 0.13755224
0.27766681 0.13625972
0.27625165 0.13492692
0.27353232 0.13452146
0.27140085 0.13421295
0.27147419 0.13281843
0.26862372 0.13248184
0.26817928 0.13159774
0.26678744 0.13069318
0.26475025 0.13033859
0.26339525 0.13028838
0.26093981 0.13001311
0.25917381 0.13014198
0.25650599 0.13020119
0.2552834 0.13019418
0.25244412 0.12992551
0.25006127 0.12968647
0.24973754 0.12907213
0.24620915 0.12944588
0.2446439 0.12828689
0.2440154 0.12744749
0.24317251 0.12684533
0.24257265 0.12611692
0.24026278 0.12606736
0.23946395 0.1256602
0.2389582 0.12409815
0.23714181 0.12412287
0.23741467 0.12327111
0.23551326 0.12331404
0.23447533 0.12329874
0.23418202 0.12256423
0.23450634 0.12170463
0.2341579 0.12084151
0.23391444 0.12000306
0.23330377 0.11920525
0.23296764 0.11816106
0.23292687 0.1171323
0.23168089 0.11641004
0.2317551 0.11533969
0.2303084 0.11505817
0.22959208 0.11462981
0.22860394 0.1141276
0.22798413 0.11357861
0.22809822 0.11280142
0.22775008 0.11198893
0.22714961 0.11069115
0.22797929 0.10928919
0.22697019 0.10870715
0.22719054 0.10755538
0.22687419 0.10717201
0.22744103 0.1059084
0.22607419 0.10502091
0.22612737 0.10427695
0.225353 0.10355273
0.22484834 0.1027542
0.22513035 0.10154682
0.22471886 0.10098155
0.22452723 0.10015609
0.22435795 0.09944463
0.22380017 0.09900611
0.22339053 0.09841625
0.22246621 0.09840025
0.22141406 0.09781452
0.22075109 0.09758407
0.22058206 0.09663324
0.22054817 0.09594016
0.21986629 0.09566748
0.22031618 0.09493941
0.21922303 0.09491625
0.21835235 0.09484252
0.21748217 0.09446211
0.21698821 0.09420737
0.21751318 0.09332354
0.21660102 0.09332915
0.21428192 0.09398811
0.21320935 0.0937891
0.21236823 0.09361562
0.2114658 0.09318418
0.21033393 0.09288882
0.20941063 0.09277953
0.20805556 0.09297926
0.20770969 0.09261015
0.2077724 0.09196754
0.20726973 0.09171968
0.2063673 0.09106097
0.20552809 0.09085387
0.20446671 0.09040921
0.20389097 0.08983745
0.20246395 0.08981197
0.20113181 0.08970095
0.19945521 0.08979502
0.1979059 0.0896211
0.19691083 0.08929815
0.19576011 0.08890884
0.19426052 0.08910166
0.19365044 0.08883105
0.1912165 0.08947513
0.18908655 0.08954503
0.18764895 0.08983878
0.18618209 0.08978858
0.18536477 0.08913611
0.18389623 0.08923722
0.18235373 0.08942991
0.18080003 0.08948756
0.1799834 0.08910095
0.17915623 0.08890197
0.17800303 0.08885542
0.17771123 0.08824431
0.1767028 0.08827804
0.1764935 0.08796801
0.1770936 0.08698378
0.17500658 0.08736887
0.17447203 0.08698454
0.17280301 0.08737136
0.17167033 0.08754408
0.17114781 0.08724777
0.17098045 0.08675439
0.17072769 0.08654703
0.16903877 0.08719555
0.16830354 0.0873384
0.16808342 0.08715657
0.16744237 0.08723805
0.16684301 0.08724483
0.16641298 0.08712203
0.16591964 0.08710797
0.16585869 0.08677215
0.16597656 0.08631144
0.16595718 0.08579256
0.16598007 0.08529779
0.16552742 0.08549078
0.16542135 0.08521366
0.16551653 0.08483644
0.16575096 0.08393443
0.16562616 0.08349041
0.16557386 0.08312828
0.16529132 0.08288858
0.16495675 0.08263651
0.16465207 0.08246892
0.164381 0.08217053
0.1641388 0.08188041
0.16407539 0.08167698
0.16410797 0.08132047
0.16388479 0.08131708
0.16341205 0.08120492
