0.72311408 0.46887202
0.66035016 0.42234008
0.62688648 0.39937401
0.6010178 0.38394345
0.57608652 0.37003294
0.55431325 0.35789881
0.53129357 0.34590794
0.51499712 0.33353115
0.49558085 0.32043472
0.47332642 0.31082778
0.45445669 0.30203829
0.43837695 0.29233313
0.42262122 0.28415119
0.40902695 0.27359583
0.39245458 0.26505377
0.3777331 0.25778988
0.36536392 0.24953294
0.35279653 0.2416621
0.34192856 0.23583234
0.33071912 0.2307254
0.3215983 0.22669802
0.31514787 0.22245179
0.31178123 0.21637937
0.3049557 0.21270694
0.29914117 0.20832718
0.29419831 0.20442738
0.28910007 0.20210159
0.28418119 0.1988504
0.27898915 0.19749028
0.27373053 0.19544901
0.270787 0.19273611
0.26830538 0.18967679
0.26701494 0.18717083
0.26529088 0.18452183
0.26276566 0.18288909
0.26037775 0.18132579
0.25694649 0.1798619
0.25502119 0.17754127
0.2538014 0.17537004
0.25201151 0.17469464
0.2510138 0.17270218
0.24986811 0.17125437
0.24937455 0.16960159
0.2482367 0.1679375
0.24655286 0.16724464
0.24504669 0.16547143
0.24348836 0.16473016
0.24182336 0.16394583
0.23951991 0.16330675
0.23922407 0.16198929
0.23830788 0.16074921
0.23725614 0.15892063
0.23546457 0.15825972
0.23520209 0.15670159
0.23318065 0.15535377
0.23185322 0.15413036
0.23083068 0.15292063
0.22964008 0.15174524
0.22769008 0.1509625
0.22564791 0.15077282
0.22355166 0.14972044
0.22127734 0.14901587
0.22158237 0.14697817
0.22043361 0.14549663
0.21942273 0.14382798
0.21718852 0.14347183
0.21598726 0.14177897
0.21475644 0.14035556
0.21360841 0.13856825
0.21248246 0.13683433
0.21229269 0.13481964
0.21073489 0.13372698
0.20833429 0.13267222
0.20616708 0.13184464
0.20528388 0.13047738
0.20351542 0.12929663
0.20269472 0.12806825
0.20042961 0.12777341
0.19971344 0.12632698
0.19776575 0.12635952
0.19543778 0.1259869
0.19481644 0.12498214
0.19317298 0.12489683
0.19153006 0.12404365
0.19136086 0.12224722
0.18978035 0.12198889
0.18945435 0.1206123
0.18919074 0.11922123
0.18802167 0.11885754
0.1865692 0.11860218
0.18646334 0.11731488
0.18556715 0.11666488
0.18504057 0.11564087
0.18426106 0.11518849
0.18359758 0.11435278
0.18293499 0.11367004
0.18144948 0.11374504
0.18103808 0.11274742
0.18058482 0.11173135
0.17989037 0.11100813
0.17962743 0.1102004
0.1796268 0.10978313
0.17906901 0.10909187
0.17873184 0.10851925
0.17820561 0.1083629
0.1778795 0.10756528
0.17754269 0.10690833
0.17731075 0.10590774
0.1774904 0.10491627
0.17717341 0.10429425
0.17692029 0.10388036
0.17594117 0.10410853
0.17587786 0.1035625
0.17541516 0.10331032
0.17594088 0.10224365
0.17574069 0.10164226
0.17532926 0.1013123
0.17551871 0.10071528
0.17477116 0.1010496
0.17384495 0.10150972
0.17349757 0.1012002
0.17319241 0.10082778
0.17313958 0.10029345
0.17291813 0.09980139
0.17169809 0.1002631
0.1718244 0.09986488
0.17155072 0.09953274
0.17064522 0.10009742
0.1703713 0.09988512
0.16999223 0.09988313
0.16980227 0.09963016
0.16977106 0.0990127
0.16944507 0.09897956
0.16877159 0.0992631
0.16851883 0.0991369
0.1679204 0.09924345
0.16755234 0.0992002
0.16729955 0.09919583
0.16692087 0.0991881
0.16687845 0.09876667
0.16652059 0.09870893
0.16656287 0.09832321
0.16636338 0.09812996
0.16618489 0.09801885
0.16593292 0.09780496
0.16579592 0.09754702
0.16551138 0.09751647
0.16574258 0.09698651
0.16616324 0.09626389
0.16652054 0.09556111
0.16609898 0.0955377
0.1656039 0.09577242
0.16444592 0.09618472
0.16429853 0.09613274
0.16421441 0.09597123
0.16415138 0.09585337
0.16412002 0.09573552
0.16398344 0.09561687
0.16399418 0.0953381
0.16392069 0.09503909
0.16384733 0.09474425
0.16379489 0.0944004
0.16424687 0.0936496
0.16395268 0.0933627
0.16377379 0.09314385
0.16328972 0.0930875
0.16279497 0.09319345
0.16232133 0.09333849
0.16227913 0.09321111
0.16225811 0.09311329
0.16223706 0.09297321
0.16232123 0.09268373
0.16240532 0.09252202
0.1624684 0.09228472
0.16255249 0.0920125
0.16284684 0.09155119
0.16321476 0.09116448
0.16325677 0.09089246
0.16300449 0.09093075
0.16265764 0.09095595
0.16233179 0.09095972
0.16231056 0.09085873
0.16272055 0.09009425
0.16281504 0.08994028
0.16279401 0.08993333
0.16277295 0.08995476
0.16278346 0.08995456
0.16280448 0.08991925
0.16280448 0.08992579
0.16283601 0.08990437
0.16287805 0.08985456
0.16316189 0.08980079
0.1635087 0.08979524
0.16389761 0.08973948
0.16445472 0.089625
0.16498025 0.08957282
0.16536915 0.08952341
0.16574755 0.08949464
0.16631515 0.08945615
0.16610497 0.08964683
0.16673562 0.08959266
