0.72055636 0.47601443
0.65812555 0.43650233
0.6260652 0.41233536
0.59898653 0.39016352
0.57851214 0.3731184
0.55558222 0.35992224
0.53963437 0.3464474
0.51835342 0.3369733
0.50152066 0.32081024
0.48210896 0.3079461
0.46693755 0.29652564
0.45535368 0.28547326
0.44044334 0.27725836
0.43283171 0.26935776
0.4219627 0.2639763
0.41452759 0.25784889
0.40567938 0.25277266
0.39902137 0.24506767
0.39202258 0.2390046
0.38373023 0.23211532
0.37875533 0.22662869
0.37242709 0.22090302
0.36674903 0.21651174
0.36133437 0.21242535
0.35513811 0.20986785
0.34927717 0.2063996
0.34526916 0.20266238
0.34279753 0.1991736
0.34027159 0.19575468
0.33498895 0.19363024
0.33009361 0.19220974
0.32793681 0.18987692
0.3236889 0.18862648
0.32121303 0.18456108
0.31729684 0.18395393
0.31594043 0.18016721
0.31287237 0.17861669
0.3084604 0.17795417
0.30552444 0.17687313
0.30379212 0.17406072
0.30234104 0.17166349
0.30099984 0.169675
0.29697066 0.1687995
0.29321617 0.16751306
0.29095417 0.16454753
0.28835337 0.16255956
0.28624126 0.16020067
0.28323419 0.158617
0.28130076 0.15863165
0.28093231 0.15710842
0.28250376 0.15388298
0.28213746 0.15140177
0.28096196 0.1504715
0.27705052 0.15021965
0.27721449 0.14756511
0.27385971 0.14644592
0.27019767 0.14644283
0.26958301 0.1444295
0.2688008 0.14309171
0.26874056 0.14188298
0.26580455 0.14111757
0.2660058 0.13945704
0.26656665 0.13732241
0.26550415 0.1361709
0.26771299 0.13313641
0.26473531 0.1325565
0.26243733 0.13255869
0.2589116 0.13290355
0.25661897 0.13298284
0.25544753 0.13245056
0.25236824 0.13276341
0.25261836 0.1306736
0.25174587 0.12972344
0.24805166 0.13007084
0.24894969 0.12816012
0.24654012 0.12774996
0.24395754 0.12774685
0.2432868 0.12695503
0.2420836 0.12656027
0.24152125 0.1258715
0.2399544 0.12525957
0.23897704 0.1249383
0.23926155 0.12319136
0.23859494 0.12199111
0.2373383 0.12178164
0.23784706 0.12004028
0.23673103 0.11941943
0.23496904 0.11967066
0.23224856 0.11970775
0.23185767 0.11882587
0.23239549 0.11731031
0.23234267 0.11630512
0.23234553 0.11568746
0.23041197 0.11582287
0.22777801 0.1154414
0.2266001 0.11518191
0.2268789 0.11448752
0.22497184 0.11460908
0.22421392 0.11458398
0.22365808 0.11397773
0.22099513 0.1138836
0.21912161 0.11396594
0.21830979 0.11360453
0.21867306 0.11159022
0.21777814 0.11122524
0.21590064 0.11172141
0.21469426 0.11190059
0.21382687 0.11132141
0.21298741 0.11170489
0.21262412 0.11099951
0.210802 0.1114237
0.21248292 0.10982279
0.20998843 0.10986138
0.20976361 0.10944494
0.20785661 0.10926374
0.20698939 0.10829173
0.20592465 0.10840596
0.20583928 0.10740938
0.20632022 0.10596495
0.20598504 0.10534562
0.20621073 0.10462025
0.20346062 0.10437572
0.20093761 0.10491421
0.20132939 0.10389591
0.20185985 0.10298729
0.2009362 0.10320548
0.20093684 0.10282964
0.19844408 0.10247795
0.19833058 0.10182164
0.19777086 0.10097518
0.19620009 0.10048162
0.19522204 0.10058097
0.19437907 0.10028029
0.19370614 0.09999708
0.19359663 0.09948177
0.1926148 0.0987729
0.1915482 0.09891796
0.19028899 0.09927097
0.18986832 0.09904444
0.1897548 0.09825876
0.18964219 0.09780829
0.18838115 0.09804041
0.18857509 0.09690525
0.18801454 0.09576042
0.18888223 0.09486255
0.18776056 0.09429216
0.18705938 0.09403885
0.18632978 0.09356625
0.18509463 0.09420508
0.18498518 0.09381855
0.18492868 0.09337267
