0.72311408 0.46887202
0.65910039 0.42032302
0.62401196 0.3963252
0.59470229 0.37953849
0.57100042 0.36633889
0.54895055 0.35313333
0.52891896 0.34137917
0.50927495 0.33055198
0.48823225 0.32032202
0.47085728 0.30980635
0.45360874 0.30306448
0.44053522 0.29365972
0.42738732 0.28563194
0.41256843 0.27802401
0.39889396 0.27175496
0.38667993 0.26330179
0.37764063 0.25683294
0.36822754 0.25063909
0.35909076 0.24579187
0.35027405 0.24009385
0.34236282 0.23357778
0.33610534 0.22872262
0.32946404 0.22445456
0.32263066 0.22135317
0.31631432 0.21734563
0.31075088 0.21408849
0.3079978 0.20888036
0.30402253 0.20559881
0.2992344 0.20379266
0.29467635 0.20260357
0.29248832 0.1993871
0.28915599 0.19712758
0.28634761 0.19521448
0.28299377 0.19328194
0.27987079 0.19115139
0.27559089 0.18985476
0.27240273 0.18801131
0.27004739 0.18540833
0.26838855 0.18209405
0.2659925 0.18037123
0.26327948 0.17854742
0.25956361 0.17764683
0.25620649 0.17663194
0.25391702 0.1747006
0.25203235 0.17306964
0.24956198 0.17115099
0.24723837 0.16966647
0.2451104 0.16818075
0.24136358 0.16827599
0.23939686 0.16655913
0.23598715 0.16586766
0.233417 0.16518294
0.23155607 0.16345516
0.22885031 0.16252798
0.22608186 0.16220556
0.22421971 0.15993413
0.22331852 0.15720119
0.22145419 0.15568254
0.21946553 0.15349702
0.21996404 0.15029325
0.2181223 0.14914087
0.2171341 0.14750952
0.21663107 0.14512202
0.21474543 0.14340179
0.21377739 0.1422756
0.21283132 0.14096845
0.21147314 0.1398381
0.20944894 0.13933452
0.20853311 0.13857758
0.20746986 0.13757679
0.20535388 0.13717361
0.20344814 0.1368631
0.20273346 0.13523016
0.20243863 0.13363056
0.20118601 0.13283194
0.19998531 0.13227817
0.1996179 0.13103492
0.19906061 0.13019504
0.19848205 0.12894742
0.19768349 0.12780853
0.19719009 0.12673036
0.19552561 0.12624226
0.19432526 0.12494683
0.19333517 0.12403353
0.19247227 0.1226869
0.1922832 0.12116468
0.19188238 0.11996111
0.1903237 0.1195756
0.1894285 0.11908571
0.1887429 0.11818611
0.18775216 0.1176619
0.18749919 0.11672302
0.18682503 0.11615714
0.18537171 0.11612976
0.18491815 0.11537877
0.18441202 0.11494782
0.18344272 0.11449563
0.1826947 0.11412401
0.18229417 0.11344821
0.18145081 0.11340159
0.18117668 0.11284425
0.18097596 0.11216726
0.17958468 0.11220536
0.17931122 0.11169008
0.17884779 0.1111627
0.1781841 0.11102242
0.17781433 0.11050952
0.17794019 0.10954345
0.17721241 0.10964127
0.17704385 0.10903313
0.17644334 0.10890317
0.17571616 0.10850516
0.17521052 0.10809048
0.17464197 0.10770417
0.17422021 0.10717956
0.17375649 0.10672639
0.17381987 0.10601171
0.17348271 0.10535298
0.17364107 0.10452103
0.1738522 0.10377103
0.17436904 0.10286687
0.17420072 0.1022379
0.17413713 0.10175813
0.17338914 0.10154425
0.17303022 0.10144583
0.17213412 0.10131349
0.17180749 0.10113294
0.17175458 0.10075417
0.17165963 0.10043472
0.17117477 0.10019921
0.17098504 0.09987361
0.17073226 0.09959702
0.17050086 0.09919325
0.17013189 0.09896806
0.16924674 0.09910853
0.16901468 0.09882937
0.16851881 0.09875774
0.1683816 0.09854087
0.16783332 0.09869544
0.16770678 0.0983254
0.16760139 0.09808492
0.16694742 0.0979125
0.16679916 0.09768849
0.16624042 0.09776607
0.1661347 0.09735437
0.16597626 0.09728373
0.16525942 0.09740139
0.1648593 0.09725238
0.16497548 0.09685635
0.16393187 0.09712222
0.16319432 0.09718492
0.16302575 0.09685853
0.16286808 0.09667381
0.16266768 0.09647857
0.16222476 0.09646627
0.16204602 0.09613571
0.16179267 0.09603234
0.16177115 0.09579365
0.16177081 0.0956256
0.16176007 0.09516389
0.16180226 0.09478552
0.16143387 0.09480635
0.16127595 0.09457401
0.16119137 0.09436032
0.16080109 0.0941619
0.16041114 0.09404722
0.16018991 0.09404563
0.16005278 0.09378492
0.15994676 0.09357381
0.16039962 0.09282897
0.16006227 0.09257897
0.1600515 0.09234127
0.1597038 0.09220417
0.15944065 0.09212361
0.1592507 0.09181944
0.15871369 0.09196548
0.15856624 0.09183889
0.15839762 0.09157123
0.15855531 0.09110556
0.15836581 0.09089504
0.15829259 0.0906873
0.15857696 0.09013452
0.15838725 0.09002262
0.15846105 0.08969504
0.15846088 0.08951766
0.15807119 0.08948254
0.157881 0.0894756
0.15770162 0.08941726
0.15769122 0.0890006
0.15737511 0.0890123
0.15682706 0.08912361
0.15674301 0.08906468
0.15638506 0.08910179
0.15621637 0.0890004
0.15644819 0.0885746
0.15657464 0.0882996
0.15636392 0.08822163
0.15616381 0.08814623
0.15603731 0.08806528
0.15631144 0.0876873
0.15623783 0.08757401
