Fitness metrics: KappaLoss, CrossValidationLoss

Individual 104
Population size: 300
Generations: 150
Seed: 29
Max features: 30
Crossover probability: 0.9
Mutation probability: 1.0
Pool proportion (to population size): 0.5
Mean fitness values of each generation
[0.79179927 0.49343782]
[0.72073051 0.44745435]
[0.67062117 0.41839856]
[0.62760444 0.39582102]
[0.5913026  0.37484952]
[0.55318111 0.35724603]
[0.52025997 0.33844296]
[0.49505117 0.320846  ]
[0.47218995 0.3061979 ]
[0.4513332  0.28979387]
[0.43304102 0.2781597 ]
[0.42011868 0.26515364]
[0.40895708 0.2560251 ]
[0.39907558 0.24825322]
[0.38528511 0.24104962]
[0.37430983 0.2345295 ]
[0.36598805 0.22784356]
[0.35123599 0.22287199]
[0.34630487 0.21571409]
[0.33923588 0.21164347]
[0.33294872 0.20807869]
[0.32123895 0.20451603]
[0.31750939 0.19598101]
[0.3077415  0.19125899]
[0.29975752 0.1862163 ]
[0.29376257 0.1820819 ]
[0.28560482 0.1805732 ]
[0.28548167 0.17457689]
[0.28191173 0.17009392]
[0.27868557 0.16594527]
[0.27565526 0.16381669]
[0.27245851 0.15931526]
[0.26762473 0.15817952]
[0.26687738 0.15441093]
[0.26389025 0.15161097]
[0.25829998 0.14958271]
[0.25265549 0.14816139]
[0.2518483  0.14396936]
[0.24963618 0.14229507]
[0.24517251 0.14202947]
[0.24341041 0.14003116]
[0.24228096 0.13765471]
[0.24017611 0.13593356]
[0.2377872  0.13476434]
[0.23693972 0.13268048]
[0.23381959 0.13186036]
[0.23096653 0.13092129]
[0.22765939 0.13102101]
[0.22686713 0.12987   ]
[0.22707816 0.1283876 ]
[0.2253975  0.12789625]
[0.22100141 0.12802021]
[0.21550453 0.12924376]
[0.21519787 0.12831522]
[0.21261196 0.12835537]
[0.21163545 0.12756532]
[0.2128866  0.12553769]
[0.21189618 0.12483033]
[0.21076096 0.12426511]
[0.2108809  0.12373502]
[0.20984851 0.1232892 ]
[0.20955085 0.12296401]
[0.21162724 0.12089957]
[0.21114784 0.11952066]
[0.20731651 0.11905626]
[0.20661798 0.11868311]
[0.2077207 0.116469 ]
[0.20437071 0.116947  ]
[0.20209136 0.11717957]
[0.20083827 0.1171313 ]
[0.20024583 0.11656358]
[0.19898239 0.11558407]
[0.19836677 0.11508789]
[0.19632135 0.1142172 ]
[0.19472727 0.11393105]
[0.19317289 0.11382595]
[0.1924365  0.11290173]
[0.19243455 0.11167499]
[0.19143014 0.1114433 ]
[0.19064473 0.11048303]
[0.19064642 0.10975367]
[0.18632229 0.11110988]
[0.18356558 0.11185091]
[0.18195237 0.11124871]
[0.18139196 0.11063313]
[0.18050006 0.10994975]
[0.18016843 0.1095395 ]
[0.1794966  0.10875967]
[0.17865387 0.10846627]
[0.17765029 0.10878408]
[0.17658812 0.10826728]
[0.17628322 0.10705332]
[0.17521412 0.10660968]
[0.17481988 0.10612279]
[0.17504706 0.10464081]
[0.17398029 0.10472561]
[0.17339026 0.10485059]
[0.17084296 0.10539203]
[0.17137526 0.10333471]
[0.17168544 0.10240419]
[0.17110813 0.10118646]
[0.17237083 0.09951138]
[0.17220883 0.09877649]
[0.17123003 0.09871576]
[0.17064328 0.09860556]
[0.17081426 0.09800194]
[0.16941347 0.0979438 ]
[0.16966429 0.09734778]
[0.1687762  0.09747246]
[0.1684131  0.09747199]
[0.16779823 0.09748703]
[0.16659259 0.09767274]
[0.16555317 0.09757283]
[0.16588594 0.09647353]
[0.16569223 0.09647609]
[0.16457711 0.09631131]
[0.16494249 0.09590565]
[0.16365022 0.09551603]
[0.1631418 0.0953698]
[0.16344416 0.09482125]
[0.16406207 0.0935278 ]
[0.16389498 0.09285876]
[0.16383809 0.09171057]
[0.16162662 0.09178523]
[0.16210236 0.09121193]
[0.16260302 0.09016408]
[0.16164962 0.08993531]
[0.15884136 0.0905758 ]
[0.15670907 0.09070031]
[0.1559461  0.09064623]
[0.15586477 0.09029301]
[0.15414637 0.09094868]
[0.15179179 0.0914268 ]
[0.15167597 0.09066767]
[0.14976002 0.09025029]
[0.14959158 0.08948178]
[0.14899793 0.08946791]
[0.14869279 0.0896565 ]
[0.14807398 0.08962824]
[0.14717898 0.09010684]
[0.14585624 0.09039419]
[0.14686748 0.0896907 ]
[0.14555061 0.08940044]
[0.14479544 0.08937475]
[0.14487531 0.08915488]
[0.14439827 0.08940715]
[0.14467787 0.08919921]
[0.14319227 0.08944001]
[0.14288282 0.08956823]
[0.14234902 0.089401  ]
[0.14189474 0.08961008]



Individual 107
Population size: 300
Generations: 150
Seed: 29
Max features: 30
Crossover probability: 0.9
Mutation probability: 1.0
Pool proportion (to population size): 0.5
Mean fitness values of each generation
[0.70116108 0.49229851]
[0.63249829 0.4550968 ]
[0.59905729 0.42952342]
[0.57445885 0.41181214]
[0.54840279 0.39622284]
[0.5305459  0.37952251]
[0.51448492 0.36638434]
[0.49799031 0.35445367]
[0.48301071 0.34305367]
[0.46562215 0.3332713 ]
[0.45697742 0.31851157]
[0.44789777 0.30851011]
[0.43633336 0.30037595]
[0.42512387 0.29248912]
[0.41455949 0.28291653]
[0.40648613 0.27331679]
[0.39721222 0.26785912]
[0.38861651 0.26333908]
[0.38410193 0.25542381]
[0.38046541 0.24913821]
[0.37083382 0.24580245]
[0.3676568  0.24074449]
[0.36034929 0.23541509]
[0.35572642 0.23216166]
[0.35348461 0.22678637]
[0.34668203 0.22475863]
[0.34137955 0.22237685]
[0.33822552 0.21909175]
[0.33189359 0.21701163]
[0.3272174  0.21253975]
[0.32371367 0.20994693]
[0.32031897 0.20696529]
[0.31691604 0.20506861]
[0.31579392 0.20154114]
[0.31396251 0.19946419]
[0.31455004 0.19669133]
[0.31109005 0.1949427 ]
[0.30814556 0.19446804]
[0.30597034 0.19258832]
[0.30208776 0.19126657]
[0.30083941 0.18980212]
[0.29932823 0.18893781]
[0.29670871 0.18715427]
[0.29401064 0.18722962]
[0.29414539 0.18601055]
[0.29331176 0.18377878]
[0.29255312 0.18189683]
[0.29101929 0.18018087]
[0.2905979  0.17788583]
[0.28942695 0.17615448]
[0.28739509 0.17354826]
[0.28696744 0.16961943]
[0.28627325 0.16740652]
[0.28536385 0.16572209]
[0.28152067 0.16490509]
[0.27853695 0.16442806]
[0.27597425 0.16357385]
[0.27586788 0.16131002]
[0.27558826 0.15851243]
[0.27435148 0.15746797]
[0.27538804 0.15485518]
[0.27267189 0.15526128]
[0.27152919 0.15387824]
[0.26867934 0.15306027]
[0.26942964 0.15064547]
[0.26870721 0.1501095 ]
[0.2677128  0.14911061]
[0.26708906 0.14769999]
[0.26381251 0.14758118]
[0.26059453 0.1480155 ]
[0.25934461 0.14652979]
[0.25804371 0.14604532]
[0.25652906 0.14553149]
[0.25500875 0.14485617]
[0.25489369 0.14420908]
[0.25405532 0.14317383]
[0.25311795 0.14265739]
[0.25279009 0.14136825]
[0.25176652 0.1401441 ]
[0.24968195 0.14045341]
[0.24865978 0.14070041]
[0.24924602 0.13841456]
[0.24769116 0.13724559]
[0.24767127 0.13481908]
[0.24823231 0.13327259]
[0.24709435 0.13214712]
[0.24573321 0.13186791]
[0.24459599 0.13083865]
[0.24262887 0.1302718 ]
[0.24074042 0.12933115]
[0.2387683  0.12989419]
[0.23692856 0.13025533]
[0.23640502 0.12991396]
[0.2358793  0.12848659]
[0.23351415 0.12783062]
[0.23284906 0.12632088]
[0.23176939 0.12421553]
[0.23043805 0.12418767]
[0.22999345 0.12289143]
[0.22927663 0.1215977 ]
[0.22705366 0.12144673]
[0.22647153 0.12069514]
[0.22572285 0.12043471]
[0.22427748 0.12004416]
[0.22458719 0.11833832]
[0.2243393  0.11678749]
[0.22322925 0.11612238]
[0.22131244 0.11591444]
[0.22084408 0.11431001]
[0.2199535  0.11310961]
[0.22034777 0.11117124]
[0.21956388 0.11006619]
[0.21873353 0.10857709]
[0.21745348 0.10804015]
[0.21406143 0.1082554 ]
[0.2150943  0.10498366]
[0.21489809 0.10357057]
[0.21634638 0.10070555]
[0.21451788 0.10109763]
[0.21418179 0.10026803]
[0.21348581 0.0995959 ]
[0.21259359 0.0987581 ]
[0.21332352 0.09650346]
[0.21315776 0.09577666]
[0.21257559 0.09384171]
[0.21235272 0.09306602]
[0.21166086 0.092719  ]
[0.21135675 0.09219215]
[0.21150341 0.09145038]
[0.21024938 0.09138154]
[0.20972413 0.09026701]
[0.2081356  0.09049282]
[0.20872288 0.08976083]
[0.20844256 0.08981842]
[0.20886786 0.08860932]
[0.20870274 0.08821197]
[0.20850909 0.08773378]
[0.20784614 0.08730645]
[0.20737552 0.08689931]
[0.20706773 0.0865688 ]
[0.20631999 0.0862899 ]
[0.20643381 0.08523166]
[0.20604369 0.08518797]
[0.2052632  0.08394576]
[0.2052063  0.08406258]
[0.20598403 0.08334798]
[0.20682136 0.08220272]
[0.20492749 0.08258666]
[0.20473314 0.08198537]
[0.20423527 0.08190506]
[0.20415363 0.08136833]



Individual 110
Population size: 300
Generations: 150
Seed: 29
Max features: 30
Crossover probability: 0.9
Mutation probability: 1.0
Pool proportion (to population size): 0.5
Mean fitness values of each generation
[0.75366852 0.4953127 ]
[0.6887677  0.45398466]
[0.65776656 0.42694921]
[0.63092778 0.40880794]
[0.60456841 0.39560053]
[0.58060762 0.38216825]
[0.56104581 0.37205926]
[0.54172394 0.36205714]
[0.52754109 0.35276561]
[0.51542147 0.34166878]
[0.50177209 0.33655397]
[0.49189785 0.32830794]
[0.48104477 0.32155132]
[0.47666244 0.31295185]
[0.47334921 0.3047    ]
[0.46359514 0.30014021]
[0.45563361 0.29323069]
[0.44725078 0.28643651]
[0.4425324 0.2806   ]
[0.43529962 0.27366614]
[0.42676268 0.26826561]
[0.42000423 0.26535979]
[0.41315938 0.26298042]
[0.40827139 0.2579545 ]
[0.40251586 0.25525661]
[0.40003259 0.25140688]
[0.39589859 0.24889101]
[0.39069546 0.24598624]
[0.38600055 0.24444656]
[0.38001977 0.24327354]
[0.37588119 0.24128466]
[0.37325396 0.23765132]
[0.36987945 0.23603016]
[0.36714152 0.23229048]
[0.36029412 0.23272963]
[0.35900974 0.23048254]
[0.35735901 0.22760635]
[0.35797347 0.22411111]
[0.35696854 0.22209048]
[0.35716877 0.21948466]
[0.35440469 0.21743651]
[0.35339822 0.21497884]
[0.35435053 0.21218413]
[0.35446517 0.20969471]
[0.35099717 0.20903333]
[0.34711323 0.20791429]
[0.34739354 0.20541746]
[0.34845427 0.20266349]
[0.3432825  0.20226931]
[0.34132705 0.20020899]
[0.33671163 0.19913069]
[0.33564933 0.19811852]
[0.33458725 0.19793175]
[0.3350578  0.19486561]
[0.33282144 0.19367937]
[0.32988856 0.19283333]
[0.32999967 0.19003704]
[0.32723201 0.18987196]
[0.32630818 0.18835026]
[0.3222535  0.18843968]
[0.32172138 0.18734709]
[0.32116035 0.18597196]
[0.32032064 0.1847    ]
[0.31950902 0.18420476]
[0.31928633 0.18338095]
[0.31551414 0.18313333]
[0.31358625 0.18319841]
[0.31093198 0.18250317]
[0.31190992 0.18090952]
[0.31023375 0.18059101]
[0.31146339 0.17826032]
[0.31152125 0.17651323]
[0.30922871 0.17590212]
[0.30620894 0.17627619]
[0.30447604 0.17629577]
[0.30481227 0.17518942]
[0.30436537 0.17444444]
[0.30414224 0.17273333]
[0.30288513 0.17230423]
[0.29855125 0.17277884]
[0.29813254 0.17140476]
[0.29435897 0.17199259]
[0.29446911 0.17068836]
[0.29242915 0.17024974]
[0.28940706 0.17096931]
[0.28786815 0.17038995]
[0.28663915 0.16933175]
[0.28350931 0.17019312]
[0.28163513 0.16859048]
[0.27864336 0.16939365]
[0.27858707 0.16715661]
[0.27646202 0.16656455]
[0.27676817 0.16449101]
[0.27590194 0.16312646]
[0.2762376  0.16099153]
[0.27310779 0.1615037 ]
[0.27059249 0.16221164]
[0.27014512 0.1611963 ]
[0.27042518 0.15909418]
[0.26983954 0.1569963 ]
[0.2669593  0.15692328]
[0.26640005 0.15600317]
[0.26287954 0.15684603]
[0.26218056 0.1553037 ]
[0.26215369 0.15331587]
[0.25916335 0.15344392]
[0.25759816 0.15269947]
[0.25595133 0.15224921]
[0.25511227 0.15032487]
[0.25374265 0.14996138]
[0.25276514 0.14846296]
[0.25044558 0.14852328]
[0.24829432 0.14817354]
[0.24801608 0.14734233]
[0.24801672 0.14651693]
[0.2452231 0.1467037]
[0.24578147 0.1457619 ]
[0.24580999 0.14538201]
[0.24472028 0.14499312]
[0.24329663 0.14396508]
[0.242682   0.14319101]
[0.24083735 0.14341852]
[0.24086646 0.14279894]
[0.23899419 0.14323333]
[0.23818388 0.14287672]
[0.23759668 0.14299312]
[0.2384629  0.14173492]
[0.23773623 0.14109524]
[0.23726013 0.14044021]
[0.23633871 0.14083228]
[0.23496921 0.14132963]
[0.23407496 0.14115608]
[0.23343286 0.1409127 ]
[0.23256692 0.14082116]
[0.23184138 0.14027778]
[0.23312609 0.13834815]
[0.23348926 0.1369328 ]
[0.23256822 0.13666138]
[0.23133895 0.13677566]
[0.23083695 0.13641323]
[0.23039056 0.13573862]
[0.23122939 0.13432857]
[0.23083795 0.13419048]
[0.23064213 0.13363968]
[0.2296925  0.13312434]
[0.2294413  0.13261852]
[0.2296654  0.13192275]
[0.22854844 0.13182169]
[0.22846594 0.13131323]
[0.2281305 0.1309381]
[0.22623097 0.13146085]



