Fitness metrics: KappaLoss, CrossValidationLoss

Individual 104
Population size: 800
Generations: 200
Seed: 29
Max features: 50
Crossover probability: 0.9
Mutation probability: 1.0
Pool proportion (to population size): 0.5
Mean fitness values of each generation
[0.79465503 0.48708682]
[0.70294077 0.42949064]
[0.64769929 0.39900172]
[0.60611958 0.37516653]
[0.57088805 0.35329249]
[0.5295306  0.33353575]
[0.48981672 0.31299946]
[0.45446179 0.29382102]
[0.42303296 0.27544218]
[0.39852573 0.26250795]
[0.37339557 0.24854969]
[0.35211174 0.23793589]
[0.33801124 0.22536812]
[0.32418175 0.21746509]
[0.30975268 0.21075796]
[0.29957033 0.20329519]
[0.28759948 0.19871527]
[0.27870603 0.19294284]
[0.26698113 0.18978737]
[0.25885221 0.18631158]
[0.25165802 0.18279074]
[0.24645915 0.17683171]
[0.24366269 0.17332671]
[0.23605917 0.17135078]
[0.22877729 0.17017913]
[0.22355539 0.16822666]
[0.21778418 0.16738988]
[0.21372441 0.16360982]
[0.21207126 0.15995781]
[0.20934246 0.15604381]
[0.20685051 0.15153411]
[0.20366283 0.14813659]
[0.20091439 0.14442626]
[0.19813779 0.14179943]
[0.19463064 0.13947997]
[0.19403193 0.13418099]
[0.1915526  0.13190868]
[0.18733816 0.1303431 ]
[0.18414277 0.12800121]
[0.18217483 0.12534595]
[0.17837423 0.12413948]
[0.17697849 0.12117945]
[0.1724211  0.12090695]
[0.17114021 0.11883082]
[0.1688941  0.11706679]
[0.16836221 0.11371378]
[0.16933929 0.1102329 ]
[0.16871089 0.10865177]
[0.16832025 0.10561807]
[0.16649931 0.10472681]
[0.16361397 0.10490031]
[0.1598184  0.10529096]
[0.15855771 0.10416289]
[0.15527565 0.1044584 ]
[0.15357873 0.1040257 ]
[0.15380457 0.10220452]
[0.15231487 0.10214256]
[0.15104581 0.10185018]
[0.15210501 0.09976266]
[0.15115041 0.09905824]
[0.14993377 0.09871259]
[0.14632203 0.0997016 ]
[0.14516733 0.09885291]
[0.14519917 0.09762549]
[0.14485871 0.09700824]
[0.1437953 0.0968236]
[0.14179823 0.09702896]
[0.13987974 0.09720342]
[0.13813323 0.09745099]
[0.13797317 0.09605196]
[0.13713762 0.09544616]
[0.13558462 0.09538943]
[0.13461914 0.09455747]
[0.13497959 0.09309602]
[0.13415346 0.09284897]
[0.1349371  0.09128692]
[0.13413865 0.09106702]
[0.13332111 0.09045883]
[0.13376629 0.08933689]
[0.13308599 0.08889848]
[0.13279833 0.08826435]
[0.1310895  0.08817217]
[0.12911379 0.08839397]
[0.12936442 0.08759047]
[0.12782568 0.08732866]
[0.12783519 0.08646244]
[0.12723073 0.08614844]
[0.12686981 0.08557387]
[0.12724122 0.08508977]
[0.12629961 0.08509968]
[0.12593863 0.08466671]
[0.12584421 0.08431648]
[0.12576021 0.08394764]
[0.12505066 0.08375099]
[0.12443512 0.08367538]
[0.12399949 0.08351764]
[0.12337197 0.0835233 ]
[0.12219308 0.08380174]
[0.12249978 0.08347996]
[0.12286212 0.08287459]
[0.12237328 0.08280903]
[0.12244857 0.08241842]
[0.12280832 0.08183946]
[0.12295951 0.08135055]
[0.12260573 0.0814919 ]
[0.12154062 0.08169212]
[0.12194405 0.08132069]
[0.1212965  0.08158538]
[0.12074493 0.08172488]
[0.12108438 0.08108816]
[0.12141345 0.08083917]
[0.12091586 0.08108149]
[0.11924992 0.08156293]
[0.11779477 0.08198308]
[0.11797361 0.08185979]
[0.11739963 0.08207361]
[0.11845831 0.08125082]
[0.11801141 0.08137708]
[0.11765076 0.08100431]
[0.11648258 0.08147403]
[0.11621733 0.08146178]
[0.11680119 0.08067385]
[0.11759689 0.08011108]
[0.11697123 0.08022706]
[0.11529411 0.08094309]
[0.11548659 0.08075143]
[0.11456164 0.08098778]
[0.11454016 0.08073342]
[0.11442227 0.08037786]
[0.11536683 0.07985184]
[0.11483572 0.07966956]
[0.11573526 0.07905385]
[0.11627738 0.07869812]
[0.1161727  0.07891114]
[0.11612856 0.07868409]
[0.1160088  0.07819702]
[0.11683811 0.07757576]
[0.11726499 0.07725592]
[0.11834829 0.07637784]
[0.11825474 0.07548211]
[0.11813854 0.07519486]
[0.11843282 0.07450409]
[0.11893045 0.07392208]
[0.1207443  0.07288248]
[0.1216329  0.07178589]
[0.12175039 0.07160095]
[0.12168551 0.07138801]
[0.1216112  0.07100073]
[0.12125985 0.07110498]
[0.12127206 0.07071066]
[0.12188836 0.07017554]
[0.12231328 0.06959465]
[0.1206867  0.06985232]
[0.12106805 0.06963475]
[0.12268075 0.06883657]
[0.12382665 0.06838741]
[0.12358189 0.06800012]
[0.12270417 0.06765034]
[0.12211107 0.06750665]
[0.12145231 0.06732126]
[0.12120957 0.06684828]
[0.11981799 0.06720422]
[0.11897323 0.06717681]
[0.11932367 0.06701988]
[0.1194949  0.06672819]
[0.11818981 0.06694015]
[0.11762854 0.06660463]
[0.11735441 0.06629365]
[0.1175886  0.06609581]
[0.11689073 0.06604482]
[0.11667743 0.06584789]
[0.11565786 0.06574244]
[0.11521299 0.06558855]
[0.11419425 0.06542347]
[0.11275168 0.06571008]
[0.1120941  0.06572837]
[0.11073627 0.06571695]
[0.10897697 0.06588338]
[0.10832083 0.06580982]
[0.10683724 0.06596443]
[0.10571421 0.06567602]
[0.10019159 0.06674604]
[0.09636552 0.06745331]
[0.09535882 0.06732954]
[0.09352449 0.06714073]
[0.09135245 0.06760661]
[0.08932866 0.06764232]
[0.08906299 0.06747259]
[0.08778041 0.06754832]
[0.08604154 0.06755315]
[0.08454628 0.0673319 ]
[0.08439838 0.0670104 ]
[0.08396339 0.06662937]
[0.08404861 0.06627541]
[0.08234229 0.06613   ]
[0.08170723 0.06605139]
[0.08038234 0.06590939]
[0.0803606  0.06584673]
[0.07946044 0.06560948]
[0.07941783 0.0655183 ]
[0.07943854 0.06538542]



Individual 107
Population size: 800
Generations: 200
Seed: 29
Max features: 50
Crossover probability: 0.9
Mutation probability: 1.0
Pool proportion (to population size): 0.5
Mean fitness values of each generation
[0.72764533 0.48001728]
[0.66249622 0.4343684 ]
[0.63113463 0.41329073]
[0.6114481  0.39347523]
[0.5869415  0.37823989]
[0.56548486 0.36522281]
[0.54936388 0.35161587]
[0.53038639 0.33930017]
[0.51430236 0.32668791]
[0.49873332 0.31323746]
[0.48607771 0.29925724]
[0.47119315 0.28938917]
[0.4561301  0.28146861]
[0.44583217 0.27267077]
[0.43502901 0.26630168]
[0.42649194 0.25985137]
[0.41915696 0.25313548]
[0.41159675 0.2476749 ]
[0.4065205  0.24216882]
[0.40229163 0.23614138]
[0.39708853 0.23200736]
[0.38963903 0.22701463]
[0.38374023 0.22211253]
[0.37709403 0.21900173]
[0.37076226 0.21586532]
[0.36543248 0.21295633]
[0.36198849 0.20834263]
[0.35608203 0.20648875]
[0.3513714  0.20377262]
[0.34771117 0.20146352]
[0.34311566 0.20016083]
[0.33808515 0.19894973]
[0.33649515 0.19610223]
[0.33388287 0.19451263]
[0.33159405 0.1923793 ]
[0.32752395 0.19111652]
[0.32207924 0.18946525]
[0.31697864 0.18857705]
[0.31486805 0.18619541]
[0.30972701 0.18487959]
[0.30548412 0.18236803]
[0.29992905 0.18122002]
[0.29617016 0.17958181]
[0.29249501 0.17778778]
[0.28930565 0.1759653 ]
[0.28319684 0.1750109 ]
[0.28083788 0.17274682]
[0.27500387 0.17187106]
[0.27249834 0.17047049]
[0.26735895 0.1702454 ]
[0.26611304 0.16790937]
[0.26320071 0.16604773]
[0.26165871 0.16474197]
[0.26106181 0.1626977 ]
[0.26001347 0.16127261]
[0.25905214 0.16014723]
[0.25721527 0.15807956]
[0.25420283 0.15790123]
[0.2530185 0.1567235]
[0.25236957 0.15473451]
[0.25118582 0.15361288]
[0.25039069 0.15243497]
[0.24894444 0.15117515]
[0.24746679 0.15046312]
[0.24758336 0.14861566]
[0.2477112  0.14679565]
[0.24736572 0.14507468]
[0.24672848 0.14378852]
[0.24541216 0.14297032]
[0.2436517  0.14104349]
[0.24233861 0.14040594]
[0.24163599 0.13944173]
[0.24014389 0.13860758]
[0.2378833  0.13867424]
[0.23621935 0.13766519]
[0.23558032 0.1367827 ]
[0.23477291 0.13463476]
[0.2329669  0.13399749]
[0.23113617 0.13295738]
[0.22867415 0.13298254]
[0.22767296 0.13179906]
[0.22755631 0.129879  ]
[0.22672385 0.12912679]
[0.22637476 0.12791076]
[0.22606482 0.12660841]
[0.22431078 0.12640145]
[0.22356412 0.12561259]
[0.22200033 0.12517138]
[0.22101142 0.12489337]
[0.22038359 0.12388773]
[0.21930318 0.12340078]
[0.21804336 0.12318578]
[0.21765218 0.12269706]
[0.21757894 0.12149086]
[0.21725305 0.12041724]
[0.21690951 0.11982348]
[0.21601499 0.11963361]
[0.21541356 0.11890136]
[0.21410996 0.11872395]
[0.21365704 0.11833149]
[0.21297315 0.11800235]
[0.2115854  0.11809838]
[0.21037705 0.11782798]
[0.2100725  0.11713739]
[0.21022712 0.11627361]
[0.20958797 0.11586557]
[0.20896875 0.11545835]
[0.20863219 0.11494779]
[0.20838114 0.11448858]
[0.20778154 0.11432835]
[0.20740388 0.11411017]
[0.20722802 0.11388626]
[0.20639718 0.11403813]
[0.20648278 0.11383871]
[0.20570762 0.11422902]
[0.20537962 0.11409095]
[0.20533711 0.11391719]
[0.20397478 0.11426714]
[0.20457177 0.11383201]
[0.20334704 0.1141561 ]
[0.20233139 0.11451047]
[0.20143698 0.11437501]
[0.19984264 0.11457927]
[0.19995714 0.11397031]
[0.19911487 0.11361613]
[0.19820304 0.11368814]
[0.19890305 0.11256405]
[0.1987858 0.1122813]
[0.19821778 0.11199404]
[0.1980289 0.1116031]
[0.19764822 0.11110752]
[0.19767905 0.11050073]
[0.19625164 0.110932  ]
[0.1958826  0.11053009]
[0.19596285 0.10944269]
[0.19498826 0.11011532]
[0.19486276 0.10963147]
[0.1950814  0.10861722]
[0.19501926 0.107867  ]
[0.1952379  0.10725171]
[0.19360983 0.10770824]
[0.1934835  0.10742546]
[0.19145836 0.10714981]
[0.19155242 0.10685076]
[0.18980991 0.10731831]
[0.18930615 0.10736597]
[0.18806749 0.10715435]
[0.18760336 0.1063073 ]
[0.18554753 0.10695441]
[0.18258845 0.10798936]
[0.18252465 0.10767546]
[0.18215575 0.10800922]
[0.18038205 0.10917183]
[0.17940589 0.10970859]
[0.17918322 0.10928102]
[0.17902575 0.10911876]
[0.1778514  0.10962012]
[0.17779779 0.10938519]
[0.17722035 0.10966204]
[0.17717776 0.10899178]
[0.17748205 0.10846799]
[0.17790153 0.10751787]
[0.17773196 0.10708641]
[0.17700658 0.10709398]
[0.17639819 0.10767624]
[0.17601872 0.10704925]
[0.17593403 0.10669042]
[0.17527272 0.10694032]
[0.17478928 0.10692686]
[0.17441061 0.10674056]
[0.17399048 0.10705864]
[0.17345466 0.1072219 ]
[0.1748488  0.10541485]
[0.17528849 0.10447298]
[0.1743122  0.10433593]
[0.17395423 0.10408674]
[0.17416129 0.10331881]
[0.17395001 0.10288815]
[0.17423195 0.10193546]
[0.17371551 0.10181058]
[0.17391302 0.10121022]
[0.17333388 0.10103857]
[0.17359451 0.10020942]
[0.17353042 0.09965253]
[0.17196612 0.0999724 ]
[0.17136663 0.10015816]
[0.17081164 0.10022418]
[0.17066493 0.10028745]
[0.17060058 0.09982029]
[0.17011675 0.09961221]
[0.16998072 0.09926818]
[0.17011619 0.09868713]
[0.17083805 0.09736266]
[0.17072204 0.09711862]
[0.17129684 0.09618893]
[0.17122156 0.09586034]
[0.17124268 0.09563199]
[0.17149194 0.0949631 ]
[0.17182548 0.09422976]
[0.17211741 0.09353712]
[0.17150818 0.09362362]



Individual 110
Population size: 800
Generations: 200
Seed: 29
Max features: 50
Crossover probability: 0.9
Mutation probability: 1.0
Pool proportion (to population size): 0.5
Mean fitness values of each generation
[0.72311408 0.46887202]
[0.66033541 0.42385992]
[0.62758842 0.4024502 ]
[0.60196951 0.38555317]
[0.58142063 0.36963433]
[0.55935919 0.35507143]
[0.539135   0.34388294]
[0.52136232 0.33218869]
[0.50804812 0.31805833]
[0.49189647 0.30813968]
[0.47812055 0.30000397]
[0.46387641 0.29185595]
[0.44946336 0.28364722]
[0.43464221 0.27612222]
[0.42013183 0.2709629 ]
[0.40754403 0.26606508]
[0.39839287 0.26161806]
[0.39175548 0.25747738]
[0.38586421 0.25312222]
[0.37750237 0.24883909]
[0.37114267 0.2442875 ]
[0.36559464 0.23973274]
[0.35932286 0.23631409]
[0.3549118  0.23284286]
[0.35027064 0.22811369]
[0.34414889 0.22500476]
[0.34132456 0.22053214]
[0.33639396 0.21773036]
[0.32857271 0.21546032]
[0.32555786 0.21214325]
[0.32214466 0.20877103]
[0.31741608 0.20518393]
[0.31307898 0.20400179]
[0.30933329 0.20182579]
[0.30786934 0.19891746]
[0.30435583 0.19724266]
[0.30073846 0.19479325]
[0.29923561 0.19069841]
[0.29677899 0.1873496 ]
[0.29505413 0.18363274]
[0.29124607 0.18157143]
[0.28579248 0.17997044]
[0.28160681 0.17870139]
[0.28068407 0.17448571]
[0.27842242 0.17112242]
[0.27609665 0.16926925]
[0.27381132 0.1673502 ]
[0.27086199 0.1664748 ]
[0.26789385 0.16557679]
[0.26670489 0.16418591]
[0.2656933  0.16245179]
[0.26534633 0.16116409]
[0.26316469 0.16078433]
[0.26236582 0.15940337]
[0.26052093 0.15902044]
[0.25989937 0.15774583]
[0.25989988 0.15556786]
[0.25782607 0.15465774]
[0.25791973 0.15300575]
[0.25595272 0.15221488]
[0.25510037 0.15062282]
[0.25463603 0.1499369 ]
[0.25376424 0.14906667]
[0.25139664 0.14926548]
[0.2513126  0.14777123]
[0.2507877  0.14681091]
[0.25025274 0.14596607]
[0.24922229 0.14541706]
[0.2470651  0.14533135]
[0.24506483 0.14504841]
[0.24145355 0.1451875 ]
[0.24069673 0.14417976]
[0.2380441 0.1444254]
[0.2364129  0.14381726]
[0.23447681 0.14368135]
[0.23143429 0.14374048]
[0.23054004 0.14283313]
[0.22951778 0.14245615]
[0.22765469 0.14163829]
[0.22453954 0.14115635]
[0.22232886 0.14070615]
[0.22024458 0.14019365]
[0.21756054 0.14009345]
[0.21749736 0.13865417]
[0.21515943 0.13836012]
[0.21454957 0.13715952]
[0.21200224 0.13669167]
[0.21087708 0.13491964]
[0.20958286 0.13429663]
[0.20849814 0.13363075]
[0.2071183  0.13297123]
[0.20663441 0.13192004]
[0.20552845 0.13164246]
[0.20585629 0.1301127 ]
[0.20567725 0.12945456]
[0.20587635 0.12856587]
[0.20568673 0.12775417]
[0.2046027  0.12717341]
[0.2045497  0.12659286]
[0.20330673 0.12609008]
[0.20286508 0.1252129 ]
[0.20207522 0.12457183]
[0.20127471 0.12431845]
[0.20071644 0.12427024]
[0.19950592 0.12421925]
[0.19862192 0.12426052]
[0.19787344 0.12404444]
[0.19713678 0.12366429]
[0.19630354 0.1241756 ]
[0.19554411 0.12401171]
[0.1938285  0.12360992]
[0.19358644 0.12288671]
[0.19161727 0.12269762]
[0.18929971 0.12264802]
[0.18874043 0.1221373 ]
[0.18780408 0.12200456]
[0.18707786 0.12123175]
[0.18617241 0.12119504]
[0.18513131 0.12104841]
[0.1849204  0.12029425]
[0.18467794 0.11994683]
[0.18466672 0.11938889]
[0.18430858 0.11897222]
[0.18406685 0.11839623]
[0.18355043 0.11823294]
[0.18291843 0.11817639]
[0.18286542 0.11790952]
[0.18266503 0.117525  ]
[0.1820541  0.11730258]
[0.18162289 0.11715119]
[0.18111776 0.11656667]
[0.18088624 0.11623274]
[0.18060158 0.1162879 ]
[0.18031674 0.11613948]
[0.18022185 0.11587222]
[0.18030615 0.11524028]
[0.18012744 0.11492639]
[0.18001177 0.11467282]
[0.17972808 0.11457421]
[0.17959098 0.1145248 ]
[0.17952774 0.11427143]
[0.17922229 0.11426329]
[0.17899073 0.11419306]
[0.17865403 0.11421409]
[0.17855981 0.11384802]
[0.17860192 0.1136123 ]
[0.17863334 0.11333552]
[0.17873834 0.11289643]
[0.17878035 0.11259087]
[0.17854854 0.11253532]
[0.17832791 0.11243631]
[0.17825427 0.1121623 ]
[0.17819059 0.11207897]
[0.17823264 0.11188532]
[0.17828521 0.11159365]
[0.17811698 0.1117252 ]
[0.17813788 0.1115996 ]
[0.17814822 0.11150933]
[0.17814799 0.11142599]
[0.17822132 0.1112879 ]
[0.17830527 0.11114167]
[0.17828394 0.11103849]
[0.17835729 0.11085794]
[0.17854676 0.1104619 ]
[0.17863042 0.11030298]
[0.17865128 0.11005397]
[0.1787983  0.10970754]
[0.17859818 0.10955556]
[0.17865047 0.10919563]
[0.17883947 0.10904504]
[0.17852334 0.10885774]
[0.17836602 0.10858651]
[0.17840763 0.10817778]
[0.17812304 0.1081496 ]
[0.17746078 0.10847738]
[0.17740895 0.10812421]
[0.17730422 0.10776944]
[0.17738817 0.10770099]
[0.17730427 0.1073129 ]
[0.17720919 0.10725119]
[0.17708241 0.10724563]
[0.17703993 0.10713552]
[0.17685033 0.10706647]
[0.17566042 0.10702599]
[0.17530232 0.10637599]
[0.17484912 0.10638591]
[0.17491203 0.10607956]
[0.17485892 0.10582183]
[0.17470057 0.1058381 ]
[0.17465834 0.10560099]
[0.17490055 0.10492282]
[0.17470115 0.10487718]
[0.17456508 0.1046627 ]
[0.17441829 0.10445536]
[0.17436608 0.10414226]
[0.17416683 0.1039496 ]
[0.17439895 0.10298433]
[0.17424034 0.1027754 ]
[0.17397612 0.10276905]
[0.17411267 0.10232143]
[0.17397553 0.10219385]



