Fitness metrics: KappaLoss, CrossValidationLoss

Individual 104
Population size: 300
Generations: 150
Seed: 29
Max features: 50
Crossover probability: 0.9
Mutation probability: 1.0
Pool proportion (to population size): 0.5
Mean fitness values of each generation
[0.79059196 0.48318682]
[0.70785389 0.4310619 ]
[0.64066914 0.39028323]
[0.59322041 0.36357346]
[0.54503713 0.33579328]
[0.5051906  0.31321636]
[0.46658346 0.29560927]
[0.43310569 0.2824167 ]
[0.40718085 0.26898335]
[0.38240137 0.25743955]
[0.36691485 0.24622803]
[0.34648767 0.23825473]
[0.32396334 0.22884936]
[0.3107237  0.21660305]
[0.28874065 0.20459607]
[0.26598764 0.19629731]
[0.2559718  0.18786188]
[0.24683405 0.18210199]
[0.23664873 0.17865816]
[0.22658115 0.17495524]
[0.21963597 0.17128958]
[0.21194002 0.168753  ]
[0.20390045 0.16624549]
[0.19872047 0.16258992]
[0.19696563 0.15941228]
[0.19289296 0.1557762 ]
[0.19183486 0.15275467]
[0.18907822 0.15067299]
[0.18763897 0.1493955 ]
[0.18300763 0.1481453 ]
[0.17992079 0.14656672]
[0.17493742 0.14589617]
[0.17237859 0.14231796]
[0.16974371 0.14126615]
[0.16570535 0.14049454]
[0.16288286 0.13860435]
[0.16255657 0.13545308]
[0.16253497 0.13339764]
[0.15984842 0.13204399]
[0.15562678 0.1314973 ]
[0.15508911 0.12987865]
[0.15207508 0.12930583]
[0.1487992  0.12880355]
[0.14801287 0.12766236]
[0.14654424 0.126555  ]
[0.14478654 0.12591532]
[0.14388337 0.12376804]
[0.14566665 0.12122524]
[0.14215745 0.12119585]
[0.1390527  0.12021121]
[0.13750199 0.11905822]
[0.13354429 0.11930325]
[0.13080138 0.11928138]
[0.13023705 0.1177424 ]
[0.13021296 0.11662039]
[0.12784713 0.11633812]
[0.12663873 0.11627486]
[0.1269191  0.11547751]
[0.12663592 0.11386089]
[0.12485261 0.11392773]
[0.12454886 0.11252318]
[0.12503053 0.1109007 ]
[0.12560531 0.10987951]
[0.1268847  0.10820765]
[0.12594994 0.10801976]
[0.12583171 0.10715618]
[0.12633896 0.10671307]
[0.12430139 0.10684948]
[0.12438969 0.10596116]
[0.12441901 0.10530349]
[0.12201536 0.10561537]
[0.12147703 0.10506067]
[0.12187515 0.1048276 ]
[0.1206877  0.10485009]
[0.11997839 0.1040524 ]
[0.11933176 0.10416047]
[0.11823278 0.1035721 ]
[0.11426881 0.10440232]
[0.11299955 0.10414586]
[0.11246408 0.10385817]
[0.11215427 0.10273462]
[0.11026169 0.10312786]
[0.11103135 0.10282933]
[0.10981592 0.10230694]
[0.10749108 0.10296525]
[0.1086219  0.10092184]
[0.10633123 0.10160917]
[0.1060203  0.10111444]
[0.10565617 0.10113811]
[0.10495102 0.10020702]
[0.1045557  0.09895307]
[0.10316562 0.09873209]
[0.10285731 0.09817416]
[0.10254958 0.09804279]
[0.10028218 0.09873238]
[0.09787879 0.09913901]
[0.0977092  0.09838966]
[0.09565063 0.09888995]
[0.09503135 0.09883127]
[0.09494773 0.09823316]
[0.09528712 0.09735295]
[0.09438257 0.09750222]
[0.09350417 0.09792078]
[0.09274154 0.09769068]
[0.09260005 0.09707808]
[0.09127439 0.09752896]
[0.09090753 0.09762628]
[0.09008636 0.09794635]
[0.09062306 0.09664525]
[0.09087505 0.09549018]
[0.09144034 0.09470623]
[0.09149886 0.09390585]
[0.09186689 0.09318631]
[0.09090472 0.09329745]
[0.09113045 0.09214347]
[0.09030883 0.09134004]
[0.08784623 0.09153921]
[0.08620623 0.09189753]
[0.08558695 0.09140638]
[0.08406329 0.09207342]
[0.08459991 0.09125959]
[0.08468566 0.090716  ]
[0.0842618  0.09072109]
[0.08429035 0.08999747]
[0.08426204 0.0896037 ]
[0.08366983 0.08955647]
[0.0830499  0.08913951]
[0.08259893 0.08898975]
[0.08271243 0.08837723]
[0.08158284 0.08822241]
[0.08203618 0.08719254]
[0.08214924 0.08635816]
[0.08271369 0.08516558]
[0.08189246 0.08544356]
[0.0816664  0.08536589]
[0.08076169 0.08546372]
[0.08104535 0.08460824]
[0.0799151  0.08477808]
[0.0791541  0.08485165]
[0.0789569  0.08433229]
[0.07822263 0.08444505]
[0.07873239 0.0837811 ]
[0.07876151 0.0832587 ]
[0.07828469 0.0831836 ]
[0.07851266 0.08280729]
[0.07814538 0.082746  ]
[0.07800419 0.08255664]
[0.07744007 0.08250618]
[0.0773549  0.08224672]
[0.07735422 0.08195643]
[0.07738179 0.0817681 ]



Individual 107
Population size: 300
Generations: 150
Seed: 29
Max features: 50
Crossover probability: 0.9
Mutation probability: 1.0
Pool proportion (to population size): 0.5
Mean fitness values of each generation
[0.72055636 0.47601443]
[0.65812555 0.43650233]
[0.6260652  0.41233536]
[0.59898653 0.39016352]
[0.57851214 0.3731184 ]
[0.55558222 0.35992224]
[0.53963437 0.3464474 ]
[0.51835342 0.3369733 ]
[0.50152066 0.32081024]
[0.48210896 0.3079461 ]
[0.46693755 0.29652564]
[0.45535368 0.28547326]
[0.44044334 0.27725836]
[0.43283171 0.26935776]
[0.4219627 0.2639763]
[0.41452759 0.25784889]
[0.40567938 0.25277266]
[0.39902137 0.24506767]
[0.39202258 0.2390046 ]
[0.38373023 0.23211532]
[0.37875533 0.22662869]
[0.37242709 0.22090302]
[0.36674903 0.21651174]
[0.36133437 0.21242535]
[0.35513811 0.20986785]
[0.34927717 0.2063996 ]
[0.34526916 0.20266238]
[0.34279753 0.1991736 ]
[0.34027159 0.19575468]
[0.33498895 0.19363024]
[0.33009361 0.19220974]
[0.32793681 0.18987692]
[0.3236889  0.18862648]
[0.32121303 0.18456108]
[0.31729684 0.18395393]
[0.31594043 0.18016721]
[0.31287237 0.17861669]
[0.3084604  0.17795417]
[0.30552444 0.17687313]
[0.30379212 0.17406072]
[0.30234104 0.17166349]
[0.30099984 0.169675  ]
[0.29697066 0.1687995 ]
[0.29321617 0.16751306]
[0.29095417 0.16454753]
[0.28835337 0.16255956]
[0.28624126 0.16020067]
[0.28323419 0.158617  ]
[0.28130076 0.15863165]
[0.28093231 0.15710842]
[0.28250376 0.15388298]
[0.28213746 0.15140177]
[0.28096196 0.1504715 ]
[0.27705052 0.15021965]
[0.27721449 0.14756511]
[0.27385971 0.14644592]
[0.27019767 0.14644283]
[0.26958301 0.1444295 ]
[0.2688008  0.14309171]
[0.26874056 0.14188298]
[0.26580455 0.14111757]
[0.2660058  0.13945704]
[0.26656665 0.13732241]
[0.26550415 0.1361709 ]
[0.26771299 0.13313641]
[0.26473531 0.1325565 ]
[0.26243733 0.13255869]
[0.2589116  0.13290355]
[0.25661897 0.13298284]
[0.25544753 0.13245056]
[0.25236824 0.13276341]
[0.25261836 0.1306736 ]
[0.25174587 0.12972344]
[0.24805166 0.13007084]
[0.24894969 0.12816012]
[0.24654012 0.12774996]
[0.24395754 0.12774685]
[0.2432868  0.12695503]
[0.2420836  0.12656027]
[0.24152125 0.1258715 ]
[0.2399544  0.12525957]
[0.23897704 0.1249383 ]
[0.23926155 0.12319136]
[0.23859494 0.12199111]
[0.2373383  0.12178164]
[0.23784706 0.12004028]
[0.23673103 0.11941943]
[0.23496904 0.11967066]
[0.23224856 0.11970775]
[0.23185767 0.11882587]
[0.23239549 0.11731031]
[0.23234267 0.11630512]
[0.23234553 0.11568746]
[0.23041197 0.11582287]
[0.22777801 0.1154414 ]
[0.2266001  0.11518191]
[0.2268789  0.11448752]
[0.22497184 0.11460908]
[0.22421392 0.11458398]
[0.22365808 0.11397773]
[0.22099513 0.1138836 ]
[0.21912161 0.11396594]
[0.21830979 0.11360453]
[0.21867306 0.11159022]
[0.21777814 0.11122524]
[0.21590064 0.11172141]
[0.21469426 0.11190059]
[0.21382687 0.11132141]
[0.21298741 0.11170489]
[0.21262412 0.11099951]
[0.210802  0.1114237]
[0.21248292 0.10982279]
[0.20998843 0.10986138]
[0.20976361 0.10944494]
[0.20785661 0.10926374]
[0.20698939 0.10829173]
[0.20592465 0.10840596]
[0.20583928 0.10740938]
[0.20632022 0.10596495]
[0.20598504 0.10534562]
[0.20621073 0.10462025]
[0.20346062 0.10437572]
[0.20093761 0.10491421]
[0.20132939 0.10389591]
[0.20185985 0.10298729]
[0.2009362  0.10320548]
[0.20093684 0.10282964]
[0.19844408 0.10247795]
[0.19833058 0.10182164]
[0.19777086 0.10097518]
[0.19620009 0.10048162]
[0.19522204 0.10058097]
[0.19437907 0.10028029]
[0.19370614 0.09999708]
[0.19359663 0.09948177]
[0.1926148 0.0987729]
[0.1915482  0.09891796]
[0.19028899 0.09927097]
[0.18986832 0.09904444]
[0.1897548  0.09825876]
[0.18964219 0.09780829]
[0.18838115 0.09804041]
[0.18857509 0.09690525]
[0.18801454 0.09576042]
[0.18888223 0.09486255]
[0.18776056 0.09429216]
[0.18705938 0.09403885]
[0.18632978 0.09356625]
[0.18509463 0.09420508]
[0.18498518 0.09381855]
[0.18492868 0.09337267]



Individual 110
Population size: 300
Generations: 150
Seed: 29
Max features: 50
Crossover probability: 0.9
Mutation probability: 1.0
Pool proportion (to population size): 0.5
Mean fitness values of each generation
[0.71765439 0.46840317]
[0.65355338 0.42714074]
[0.61776577 0.40192751]
[0.59117206 0.38392434]
[0.57213774 0.36745661]
[0.55414886 0.35692593]
[0.53009879 0.34739153]
[0.51403171 0.33767143]
[0.49683834 0.32997196]
[0.47719158 0.32087513]
[0.46249615 0.31132011]
[0.44509201 0.30050106]
[0.42401044 0.29224868]
[0.40882512 0.28313704]
[0.39296398 0.27425079]
[0.38163464 0.26705026]
[0.37272288 0.26087884]
[0.36290776 0.25346455]
[0.35264573 0.24707619]
[0.34406306 0.24076455]
[0.33522947 0.23423704]
[0.32897132 0.22798413]
[0.32002669 0.22216561]
[0.31389162 0.21545714]
[0.31150904 0.21261323]
[0.30907498 0.20794656]
[0.30531393 0.20537725]
[0.30012315 0.20205979]
[0.29506677 0.20052593]
[0.29273563 0.19744444]
[0.28900334 0.19525185]
[0.2828557  0.19389735]
[0.27909526 0.19160952]
[0.27471434 0.18980476]
[0.27274697 0.18777672]
[0.26960423 0.18617937]
[0.26623247 0.1847545 ]
[0.26396096 0.1819873 ]
[0.2629775  0.17961217]
[0.25890475 0.17973862]
[0.25668601 0.17872381]
[0.25250373 0.17797513]
[0.25160801 0.17611111]
[0.24824204 0.17529312]
[0.24610782 0.17395873]
[0.24310539 0.1729164 ]
[0.23895214 0.17216349]
[0.23785727 0.1703582 ]
[0.23768607 0.16830899]
[0.23650797 0.16691693]
[0.23179294 0.16598677]
[0.23007988 0.16474656]
[0.22932128 0.16287513]
[0.22690399 0.16279788]
[0.22577882 0.16171958]
[0.22440399 0.1610164 ]
[0.22271932 0.16041958]
[0.22215722 0.15856455]
[0.22086459 0.15873122]
[0.22100228 0.1567127 ]
[0.22001917 0.15596296]
[0.21942809 0.1551418 ]
[0.21799643 0.1548254 ]
[0.21566631 0.1545619 ]
[0.21460032 0.15386984]
[0.21370141 0.1534619 ]
[0.21235399 0.15331746]
[0.2112311  0.15322011]
[0.20957554 0.15294815]
[0.20951915 0.15166032]
[0.20982642 0.14939683]
[0.20960279 0.1484455 ]
[0.2092651  0.14665132]
[0.20783294 0.14593016]
[0.20735581 0.14414656]
[0.20524961 0.14398413]
[0.20407147 0.14322222]
[0.20227454 0.14220053]
[0.20089823 0.14151746]
[0.19904643 0.14037566]
[0.19671775 0.1400582 ]
[0.19556729 0.13941058]
[0.19441759 0.13887302]
[0.1931256  0.13758148]
[0.19191772 0.13623228]
[0.19054244 0.13551746]
[0.18835153 0.13454127]
[0.18764963 0.13334392]
[0.1861322  0.13315926]
[0.18559676 0.13108571]
[0.18450131 0.12951376]
[0.18329299 0.12871217]
[0.18180727 0.12721958]
[0.17992705 0.12623439]
[0.17905656 0.12541534]
[0.17678354 0.12538413]
[0.17549309 0.12406085]
[0.17439863 0.12343122]
[0.17299591 0.12160423]
[0.17201407 0.12073915]
[0.1714807  0.11933862]
[0.16825431 0.11930212]
[0.1672999  0.11823862]
[0.16581268 0.11787143]
[0.1653069  0.11684815]
[0.16314571 0.11639577]
[0.16213448 0.11583598]
[0.16134806 0.11481429]
[0.15988833 0.11466296]
[0.1600009  0.11298148]
[0.15885127 0.11216931]
[0.15772847 0.11190794]
[0.1568584  0.11174127]
[0.15581967 0.11170476]
[0.15542626 0.11133545]
[0.15497736 0.11040159]
[0.15405111 0.1102709 ]
[0.15365801 0.1090963 ]
[0.15346077 0.10819894]
[0.15259058 0.10814339]
[0.15275871 0.10718836]
[0.15169181 0.10715344]
[0.15110242 0.10676243]
[0.15065357 0.1058455 ]
[0.15048589 0.10480159]
[0.14989654 0.10457566]
[0.14950371 0.10419683]
[0.14874401 0.10425556]
[0.14832259 0.10401217]
[0.14767674 0.10390053]
[0.14756426 0.10313545]
[0.14641292 0.10339524]
[0.14599185 0.10268783]
[0.14554298 0.10216402]
[0.14531846 0.10181323]
[0.1446162 0.1021455]
[0.14450417 0.10119841]
[0.14447542 0.10095767]
[0.14439106 0.10032328]
[0.14444745 0.09956455]
[0.14419552 0.09913386]
[0.14363344 0.09924497]
[0.14338055 0.09896772]
[0.14301541 0.09859788]
[0.14307133 0.09807778]
[0.14245384 0.09818942]
[0.14220155 0.09805873]
[0.14164079 0.09828095]
[0.14130437 0.09803757]
[0.14096829 0.09738677]
[0.14110891 0.09651799]



