Fitness metrics: KappaLoss, CrossValidationLoss

Individual 104
Population size: 800
Generations: 200
Seed: 29
Max features: 60
Crossover probability: 0.9
Mutation probability: 1.0
Pool proportion (to population size): 0.5
Mean fitness values of each generation
[0.7257638  0.44823571]
[0.64983602 0.39981595]
[0.60258511 0.37191066]
[0.56412771 0.34913607]
[0.53481067 0.33140157]
[0.50600208 0.31322856]
[0.47737191 0.29582399]
[0.45100374 0.28166319]
[0.42648758 0.26757724]
[0.40155831 0.25497821]
[0.38125195 0.24353329]
[0.36280807 0.23311451]
[0.3461058  0.22498204]
[0.33073657 0.21661808]
[0.31753098 0.20992308]
[0.30597739 0.2011698 ]
[0.29718161 0.19574067]
[0.28741828 0.1891515 ]
[0.2774769  0.18493336]
[0.26836842 0.18173209]
[0.26308141 0.17456529]
[0.25669855 0.1709541 ]
[0.2549268  0.16547407]
[0.24912983 0.16306135]
[0.2442085  0.16006396]
[0.23971271 0.15705951]
[0.23440643 0.15458815]
[0.22912106 0.15172217]
[0.22559635 0.14999363]
[0.22108859 0.14965042]
[0.21700688 0.14674505]
[0.21366681 0.14501253]
[0.21046339 0.14321722]
[0.20747108 0.14098762]
[0.20654467 0.1373366 ]
[0.20175351 0.13586784]
[0.2003275  0.13425221]
[0.19919926 0.13188601]
[0.19461995 0.13085377]
[0.19237614 0.12894552]
[0.18978449 0.12672817]
[0.18719795 0.12516403]
[0.18632913 0.12296931]
[0.18442395 0.12141248]
[0.18268912 0.12096098]
[0.18141095 0.11925365]
[0.1786755  0.11908924]
[0.17883848 0.11635018]
[0.17657486 0.11483505]
[0.17561719 0.1136888 ]
[0.17334946 0.11260284]
[0.17174595 0.1119739 ]
[0.1692498  0.11134353]
[0.1683893  0.10921693]
[0.16682776 0.10873266]
[0.16374424 0.10877616]
[0.16138844 0.10896961]
[0.16047016 0.10835428]
[0.15884056 0.10726461]
[0.15719138 0.10706892]
[0.15640337 0.10571394]
[0.15546214 0.10488756]
[0.15470818 0.10384352]
[0.154462   0.10283036]
[0.15383614 0.10120559]
[0.15127972 0.10111706]
[0.14977363 0.09964452]
[0.14975322 0.09765604]
[0.14882198 0.09683104]
[0.14834886 0.09494611]
[0.14851533 0.09329736]
[0.14761508 0.09218937]
[0.14681856 0.0917567 ]
[0.14510295 0.09152671]
[0.14354767 0.09126522]
[0.14281404 0.08992315]
[0.14115387 0.0897671 ]
[0.14019051 0.0887784 ]
[0.13905674 0.0885236 ]
[0.13687333 0.08883074]
[0.13607714 0.08774752]
[0.13481823 0.08736194]
[0.13346567 0.08714401]
[0.13321265 0.08578326]
[0.13228541 0.08523061]
[0.13183197 0.08411356]
[0.13095123 0.08300554]
[0.13124926 0.08119996]
[0.12958615 0.08013353]
[0.12814942 0.07963922]
[0.12786613 0.07869237]
[0.127508  0.0775496]
[0.12626305 0.07667556]
[0.12466552 0.07617451]
[0.12500619 0.07449187]
[0.12385977 0.07386788]
[0.12295166 0.07282336]
[0.121982  0.0727825]
[0.12085174 0.07245635]
[0.12068072 0.07170606]
[0.12046772 0.07149992]
[0.11885841 0.07150997]
[0.11821298 0.07058595]
[0.11778887 0.06967027]
[0.11573315 0.06966666]
[0.11506226 0.06930231]
[0.11409077 0.06913745]
[0.11420165 0.06778037]
[0.11317674 0.06738523]
[0.11173786 0.06740035]
[0.11016327 0.06725345]
[0.10937943 0.06658674]
[0.10829013 0.06581508]
[0.10716901 0.06605061]
[0.10665067 0.06549409]
[0.10556187 0.06524997]
[0.10433422 0.06502956]
[0.10287358 0.06504733]
[0.10213385 0.06510929]
[0.10159138 0.06474988]
[0.10056355 0.0648866 ]
[0.10041497 0.06478945]
[0.09989544 0.06446274]
[0.09912501 0.06430868]
[0.09879881 0.06367684]
[0.09813256 0.0631397 ]
[0.09745358 0.06336917]
[0.09700061 0.06270365]
[0.09635451 0.0619336 ]
[0.09575044 0.06176226]
[0.09556157 0.0611576 ]
[0.09478915 0.06120549]
[0.09480919 0.06056615]
[0.09450086 0.06040669]
[0.09358333 0.06035966]
[0.09279127 0.06046433]
[0.0924002 0.0603459]
[0.09182912 0.06016695]
[0.09166066 0.05994037]
[0.0909534 0.0590498]
[0.09090262 0.05853363]
[0.09088025 0.05817537]
[0.0912184  0.05715407]
[0.09157709 0.05663792]
[0.09033674 0.05656536]
[0.09033607 0.05625348]
[0.09015697 0.05579887]
[0.0900829  0.05532323]
[0.08933291 0.05556417]
[0.08882663 0.05537331]
[0.08885943 0.05496539]
[0.08876411 0.05473422]
[0.08880724 0.05439196]
[0.0882357  0.05457399]
[0.08727336 0.05474292]
[0.08667977 0.05471306]
[0.08627709 0.05466387]
[0.0854721 0.0546027]
[0.08499519 0.05469927]
[0.08451942 0.05458544]
[0.08446511 0.05437678]
[0.08443184 0.05406426]
[0.08419038 0.05399387]
[0.08387327 0.05368489]
[0.08359927 0.05353708]
[0.08317662 0.05357207]
[0.08304001 0.05337293]
[0.08297698 0.05332916]
[0.08289352 0.053076  ]
[0.08279896 0.05308356]
[0.08239747 0.0529799 ]
[0.08180522 0.05312799]
[0.08185885 0.05274103]
[0.08171066 0.05257079]
[0.08171081 0.05245823]
[0.08154114 0.05225249]
[0.08151987 0.05198477]
[0.0808963  0.05121409]
[0.08018847 0.05119039]
[0.08031415 0.05068837]
[0.080503   0.04999951]
[0.08043793 0.04972157]
[0.0805108  0.04937514]
[0.08019266 0.04906928]
[0.08019176 0.04888208]
[0.07965377 0.04871441]
[0.07926235 0.04858255]
[0.07877708 0.04848334]
[0.07794318 0.04832219]
[0.07802769 0.04753492]
[0.07790168 0.04707268]
[0.07747787 0.04675541]
[0.07745617 0.0462235 ]
[0.07773084 0.04546755]
[0.07749755 0.04509159]
[0.07712853 0.04468895]
[0.07700114 0.04438843]
[0.07641859 0.0442022 ]
[0.07630244 0.04396694]
[0.07601935 0.04347136]
[0.07595526 0.04307972]



Individual 107
Population size: 800
Generations: 200
Seed: 29
Max features: 60
Crossover probability: 0.9
Mutation probability: 1.0
Pool proportion (to population size): 0.5
Mean fitness values of each generation
[0.65377778 0.44708986]
[0.5829943  0.40610968]
[0.55331622 0.38562198]
[0.53042698 0.36873117]
[0.51452947 0.35339002]
[0.49710056 0.33937563]
[0.47869109 0.32416259]
[0.46410435 0.31085741]
[0.449527   0.29785532]
[0.43618376 0.28546549]
[0.42262915 0.27476103]
[0.40998247 0.26358779]
[0.39824195 0.25500825]
[0.38721102 0.24729911]
[0.37748566 0.23920064]
[0.36862609 0.23326141]
[0.36071216 0.22572298]
[0.35304875 0.22041166]
[0.3447371  0.21551074]
[0.34096757 0.20883343]
[0.33498277 0.20432562]
[0.3308673  0.19992168]
[0.32636989 0.19530294]
[0.3212488  0.19120945]
[0.31672534 0.18644426]
[0.31382272 0.18217364]
[0.31024939 0.17805847]
[0.30619922 0.17406349]
[0.30012978 0.17027243]
[0.29551233 0.16663793]
[0.29188027 0.1627851 ]
[0.28985438 0.15836303]
[0.28681456 0.15439278]
[0.28299605 0.15164939]
[0.2796824  0.14890905]
[0.27717083 0.14653415]
[0.27232698 0.14428776]
[0.2701617 0.1407435]
[0.26883017 0.13909266]
[0.26685372 0.13775402]
[0.26492392 0.13537529]
[0.26160893 0.13348004]
[0.25966532 0.13075964]
[0.25549185 0.12974417]
[0.25368931 0.12729028]
[0.25069532 0.12631503]
[0.24660166 0.12575808]
[0.24480815 0.12297076]
[0.24118768 0.12306396]
[0.23993662 0.12173823]
[0.23878321 0.12048432]
[0.23722739 0.11942891]
[0.23591782 0.11719992]
[0.23439599 0.11561359]
[0.23342811 0.11419169]
[0.23192602 0.11276455]
[0.23083397 0.11153323]
[0.22908971 0.11115602]
[0.22542671 0.11109323]
[0.22411652 0.11016819]
[0.22321426 0.10889468]
[0.22179824 0.10807111]
[0.21924845 0.10769792]
[0.21755841 0.10659418]
[0.21625539 0.10560916]
[0.21473505 0.10471526]
[0.21325676 0.10393368]
[0.21289122 0.10222336]
[0.21243924 0.10064819]
[0.21129689 0.09877837]
[0.20877303 0.09824192]
[0.20697664 0.0973886 ]
[0.205139   0.09672405]
[0.20395395 0.09611401]
[0.20364194 0.0945535 ]
[0.20230788 0.09393193]
[0.20092155 0.09308259]
[0.19941964 0.09198194]
[0.19792044 0.09106056]
[0.19648942 0.09037239]
[0.19495704 0.08942543]
[0.19411937 0.08801251]
[0.19335559 0.08704686]
[0.19078951 0.08709128]
[0.19048626 0.08626118]
[0.19009079 0.08523541]
[0.1886829  0.08469643]
[0.18672818 0.08451644]
[0.18548759 0.08448903]
[0.18410118 0.08405723]
[0.18270554 0.08357502]
[0.1819075  0.08307235]
[0.18188265 0.08203782]
[0.18188346 0.08097625]
[0.18061307 0.08054007]
[0.179269   0.08086471]
[0.1790179  0.07994775]
[0.17750404 0.08012492]
[0.17733627 0.07940084]
[0.17739909 0.07855684]
[0.17753648 0.07769202]
[0.17667466 0.07726014]
[0.17607728 0.07708319]
[0.17562503 0.07658184]
[0.17514193 0.07601754]
[0.17424705 0.07568347]
[0.17357443 0.07537827]
[0.17282785 0.07490089]
[0.1724802  0.07382718]
[0.17231185 0.07303583]
[0.17128169 0.07238582]
[0.17046356 0.07186057]
[0.1696957  0.07162632]
[0.16917    0.07127998]
[0.16855138 0.07082688]
[0.16792148 0.07060692]
[0.16716389 0.07033872]
[0.16656519 0.07014748]
[0.16546196 0.06999318]
[0.16533784 0.06956677]
[0.16399324 0.06949716]
[0.16310082 0.06942821]
[0.16293397 0.06869943]
[0.16212629 0.06821601]
[0.16170631 0.06750268]
[0.16135997 0.0668973 ]
[0.16101348 0.06648183]
[0.16045678 0.06587873]
[0.15816443 0.06634543]
[0.15759876 0.06567573]
[0.15732721 0.06535687]
[0.15668624 0.06483743]
[0.15620288 0.06474551]
[0.15648795 0.06326755]
[0.15560384 0.06327931]
[0.15515318 0.06240034]
[0.15456577 0.06155393]
[0.15417648 0.06094934]
[0.15318914 0.0609004 ]
[0.15301081 0.06001318]
[0.15170751 0.05990748]
[0.15129707 0.0596156 ]
[0.15028867 0.05913422]
[0.14921752 0.05887614]
[0.149061   0.05812699]
[0.14772565 0.05813536]
[0.14707445 0.05758629]
[0.14689566 0.05707628]
[0.1463387 0.0561918]
[0.14516041 0.05611209]
[0.1437416  0.05643024]
[0.14279411 0.05627761]
[0.14176281 0.0559945 ]
[0.14172028 0.05538701]
[0.14143661 0.05486867]
[0.1404709 0.054711 ]
[0.13887356 0.05452294]
[0.13850612 0.05396947]
[0.13712865 0.05392509]
[0.13670807 0.05356346]
[0.1365509  0.05292336]
[0.13606674 0.05275254]
[0.13568876 0.05218923]
[0.1339307  0.05236314]
[0.13331998 0.05218828]
[0.13326783 0.05143429]
[0.13293216 0.05108876]
[0.13190212 0.05109609]
[0.13119626 0.05121478]
[0.13044949 0.05111983]
[0.12971258 0.05086346]
[0.129008   0.05081622]
[0.12788197 0.05097381]
[0.12725145 0.05076166]
[0.12690447 0.05009994]
[0.12570472 0.05031826]
[0.12509453 0.05009359]
[0.12402067 0.05020272]
[0.12383072 0.04955321]
[0.12362108 0.04903244]
[0.12341049 0.04842264]
[0.12277986 0.04820493]
[0.12229661 0.04772008]
[0.12195036 0.04725064]
[0.1204962  0.04761704]
[0.12029678 0.04707751]
[0.12078136 0.04614552]
[0.12021341 0.0459133 ]
[0.1192133  0.04602296]
[0.11819298 0.04612681]
[0.11753011 0.04593875]
[0.1176776  0.04533999]
[0.11744645 0.04478638]
[0.11650957 0.04468118]
[0.11594036 0.044493  ]
[0.11585574 0.04398201]
[0.1151933 0.0438382]
[0.1144882  0.04351508]
[0.11394012 0.04348384]
[0.11380319 0.04321477]
[0.11385657 0.04263393]



Individual 110
Population size: 800
Generations: 200
Seed: 29
Max features: 60
Crossover probability: 0.9
Mutation probability: 1.0
Pool proportion (to population size): 0.5
Mean fitness values of each generation
[0.68634627 0.44059663]
[0.61944501 0.39491925]
[0.58373129 0.37251429]
[0.55713662 0.35497024]
[0.53221384 0.34211845]
[0.51286308 0.32841925]
[0.49417806 0.31767222]
[0.48035152 0.30514544]
[0.46343375 0.29542579]
[0.44961327 0.28332579]
[0.4303461  0.27440159]
[0.41672765 0.26404325]
[0.40251226 0.25470734]
[0.39475254 0.24438413]
[0.3821376  0.23919504]
[0.37450458 0.23197063]
[0.36564286 0.22679841]
[0.35876732 0.2219871 ]
[0.35149524 0.21764603]
[0.3450704  0.21277758]
[0.34016352 0.20756885]
[0.33269177 0.20636488]
[0.32781564 0.20189881]
[0.32319057 0.19830357]
[0.31760777 0.1957252 ]
[0.31419789 0.19079425]
[0.30956602 0.18737956]
[0.30540892 0.18277639]
[0.30238639 0.17899127]
[0.29752783 0.17571706]
[0.29241655 0.17328909]
[0.28975446 0.17031349]
[0.28549887 0.16779702]
[0.28290455 0.16545437]
[0.28112519 0.16262956]
[0.27834859 0.1606254 ]
[0.27706266 0.15727778]
[0.27484157 0.15459048]
[0.27044703 0.15284167]
[0.26821394 0.15133532]
[0.26503325 0.14930139]
[0.26139728 0.14704325]
[0.25892292 0.1446004 ]
[0.25725878 0.14253968]
[0.25355002 0.14100655]
[0.25097928 0.14012401]
[0.24808272 0.13749881]
[0.24604911 0.13602817]
[0.24359581 0.13425992]
[0.23955955 0.13292143]
[0.23619909 0.13177004]
[0.23396883 0.12916329]
[0.23166128 0.12802381]
[0.23109345 0.1256381 ]
[0.22918505 0.12383671]
[0.22939579 0.12087877]
[0.22659372 0.11964127]
[0.22389725 0.11827024]
[0.22173738 0.11739048]
[0.22039962 0.1157748 ]
[0.21756612 0.11491409]
[0.21502577 0.11435774]
[0.21290724 0.11335754]
[0.21093722 0.11272183]
[0.20952577 0.11142857]
[0.20793395 0.11083036]
[0.20637498 0.11070655]
[0.20625987 0.10835675]
[0.20554288 0.10737718]
[0.20498462 0.10626131]
[0.20458412 0.10565159]
[0.20336183 0.10512857]
[0.20117012 0.10467163]
[0.19924206 0.10418512]
[0.19922079 0.10289504]
[0.1980299  0.10197877]
[0.1977567  0.10109782]
[0.19676577 0.09993135]
[0.19591223 0.0990496 ]
[0.19529055 0.09835575]
[0.19438302 0.09716508]
[0.19327709 0.09637083]
[0.19243405 0.09533631]
[0.19123206 0.09477937]
[0.19012514 0.09366825]
[0.18892431 0.09328016]
[0.18811308 0.09257004]
[0.18685949 0.09207639]
[0.1861747  0.09135099]
[0.18594313 0.08975615]
[0.18505806 0.08828968]
[0.18359331 0.08769444]
[0.18188638 0.08733909]
[0.18077946 0.08651925]
[0.17957888 0.08612123]
[0.17845032 0.08578294]
[0.17837609 0.08456984]
[0.17756377 0.08408591]
[0.17772131 0.0830752 ]
[0.17652988 0.0826498 ]
[0.17569705 0.08212242]
[0.17467509 0.08177361]
[0.1748016  0.08031905]
[0.17308399 0.07996845]
[0.17182037 0.07965437]
[0.17059809 0.0796244 ]
[0.17005059 0.07840952]
[0.16947154 0.07777619]
[0.16840773 0.07765556]
[0.16771246 0.07720774]
[0.16708023 0.07712063]
[0.16642689 0.07705198]
[0.16586898 0.07613214]
[0.16523741 0.07592897]
[0.16452096 0.07534742]
[0.16419379 0.07447679]
[0.16358265 0.07397698]
[0.16311896 0.0730998 ]
[0.16310877 0.07202659]
[0.16272988 0.07147917]
[0.1614978  0.07127956]
[0.16081277 0.07085635]
[0.16047499 0.07034802]
[0.15905316 0.07024643]
[0.15803188 0.0699502 ]
[0.15627274 0.07016071]
[0.15618917 0.06959821]
[0.15592582 0.06868393]
[0.15541953 0.06808393]
[0.15481917 0.06783849]
[0.15451335 0.06734484]
[0.15321713 0.06746687]
[0.15235329 0.06720972]
[0.15233219 0.06668571]
[0.15229022 0.0660506 ]
[0.15160604 0.06582123]
[0.15060564 0.06559683]
[0.14973089 0.06560397]
[0.14939294 0.06532738]
[0.14923516 0.06488214]
[0.14878236 0.06478155]
[0.14822387 0.06456687]
[0.14799222 0.06400119]
[0.14758146 0.06366409]
[0.1470557  0.06310496]
[0.14639205 0.0629748 ]
[0.14618096 0.06260159]
[0.14593772 0.06224742]
[0.14554779 0.06196329]
[0.14508369 0.06188988]
[0.14474616 0.06169325]
[0.14437767 0.0615375 ]
[0.14383003 0.06148175]
[0.14351402 0.06123651]
[0.14299827 0.06107996]
[0.14269279 0.06085397]
[0.14225028 0.06060317]
[0.14153394 0.06070317]
[0.14151261 0.06025159]
[0.14111236 0.06014325]
[0.14044899 0.06025754]
[0.1399851  0.06018631]
[0.13954254 0.06016032]
[0.13901556 0.06007242]
[0.13869947 0.05994861]
[0.13838318 0.05985397]
[0.13774115 0.05970516]
[0.13727765 0.05963433]
[0.13696151 0.05942976]
[0.13664501 0.05910754]
[0.13656053 0.05858135]
[0.13620233 0.05837857]
[0.13566472 0.05835119]
[0.13545403 0.0580371 ]
[0.13511665 0.05800595]
[0.1348213  0.05791746]
[0.13460011 0.05769147]
[0.13421045 0.05772024]
[0.13402069 0.05743413]
[0.13348383 0.05740377]
[0.1329471  0.05741687]
[0.13263071 0.05722004]
[0.13243041 0.05694861]
[0.13198818 0.05649782]
[0.13139882 0.05652798]
[0.13095681 0.05630238]
[0.13076674 0.0561123 ]
[0.13046076 0.05612619]
[0.12972337 0.05622996]
[0.1292811  0.05616667]
[0.12858603 0.05620913]
[0.12811234 0.05599365]
[0.1274076  0.05616468]
[0.12707063 0.05582599]
[0.12689145 0.05541647]
[0.12605819 0.05559821]
[0.12551045 0.05523313]
[0.125026   0.05527282]
[0.12449954 0.05522163]
[0.12398398 0.05525655]
[0.12367845 0.05508571]



