Fitness metrics: KappaLoss, CrossValidationLoss

Individual 104
Population size: 800
Generations: 200
Seed: 29
Max features: 178
Crossover probability: 0.9
Mutation probability: 1.0
Pool proportion (to population size): 0.5
Mean fitness values of each generation
[0.61242385 0.38039496]
[0.5248294 0.3251103]
[0.48865833 0.3021185 ]
[0.45580805 0.2875744 ]
[0.43242775 0.27473577]
[0.41224531 0.26549341]
[0.39510072 0.25643678]
[0.3820319  0.24659415]
[0.36618031 0.23950837]
[0.35323153 0.2324777 ]
[0.34223209 0.22555605]
[0.33064326 0.21874471]
[0.31863406 0.21171078]
[0.30920334 0.20502457]
[0.30099506 0.19829384]
[0.29101118 0.19298865]
[0.28470849 0.18750085]
[0.27705089 0.1825906 ]
[0.26849286 0.17939725]
[0.26289462 0.17531024]
[0.2580085  0.16796458]
[0.25154355 0.16375593]
[0.24642401 0.15943153]
[0.24159752 0.15564906]
[0.23771358 0.15148042]
[0.23013726 0.14915671]
[0.22197415 0.14811248]
[0.21677702 0.14569696]
[0.21248546 0.14380732]
[0.20903702 0.14001462]
[0.20656858 0.13520568]
[0.20136267 0.134615  ]
[0.1990991  0.13099733]
[0.19582268 0.12881062]
[0.18993638 0.12748519]
[0.18761613 0.12499173]
[0.18401704 0.12301239]
[0.18151536 0.12152997]
[0.17850053 0.12053712]
[0.1751019  0.11995817]
[0.17373437 0.11809011]
[0.17186    0.11527534]
[0.17066125 0.11264613]
[0.16917329 0.11031255]
[0.16595543 0.10925579]
[0.16316512 0.10882271]
[0.16050071 0.1072522 ]
[0.15896016 0.10567223]
[0.15476643 0.10556035]
[0.15310709 0.1040938 ]
[0.15079071 0.10208984]
[0.14896888 0.10037403]
[0.14794156 0.09824651]
[0.14481864 0.09698792]
[0.14279105 0.09547568]
[0.14145141 0.09374152]
[0.13877898 0.09306633]
[0.13687843 0.09167683]
[0.13459216 0.09073752]
[0.13383524 0.08855579]
[0.13218855 0.0869102 ]
[0.13064278 0.08567798]
[0.12770953 0.08500924]
[0.12764976 0.08294777]
[0.12560044 0.08176602]
[0.12378661 0.08142214]
[0.12244583 0.07984471]
[0.12153225 0.07789148]
[0.11972176 0.07758319]
[0.11744781 0.07735092]
[0.11634877 0.07596123]
[0.11546943 0.07464568]
[0.11466253 0.07364096]
[0.11265374 0.07327524]
[0.11212696 0.07202984]
[0.11109413 0.07105201]
[0.11140156 0.0694613 ]
[0.11100943 0.06855157]
[0.1097497  0.06795495]
[0.10857666 0.06727845]
[0.10707435 0.06730185]
[0.10637573 0.06660357]
[0.10525513 0.06659077]
[0.1041229  0.06590206]
[0.10323474 0.06548506]
[0.1025823  0.06455499]
[0.10153372 0.06369011]
[0.10111335 0.06274065]
[0.10032416 0.06263259]
[0.09960576 0.0615982 ]
[0.0991828  0.06031225]
[0.09851636 0.05968943]
[0.09716373 0.05951512]
[0.09642226 0.05931104]
[0.09604409 0.05845574]
[0.09574821 0.05765601]
[0.09541132 0.05675891]
[0.09551005 0.05550025]
[0.09476714 0.05530244]
[0.09432347 0.05476751]
[0.09342536 0.05470134]
[0.09298359 0.05412269]
[0.09268724 0.05347623]
[0.09207359 0.05318641]
[0.09121719 0.0531472 ]
[0.09019114 0.05294726]
[0.08910331 0.05309212]
[0.08858603 0.05251977]
[0.08791943 0.05226265]
[0.08684193 0.05246552]
[0.08629382 0.05232285]
[0.08547976 0.05248296]
[0.08484568 0.0522405 ]
[0.0843176  0.05199824]
[0.08400933 0.05129253]
[0.08353321 0.05068892]
[0.08307874 0.05035757]
[0.08284598 0.04969683]
[0.08241171 0.04947218]
[0.08178265 0.04929286]
[0.08161159 0.04881331]
[0.08094478 0.04857437]
[0.08004515 0.04837309]
[0.07962282 0.04831536]
[0.0796226  0.04742836]
[0.0795395  0.04680722]
[0.07918969 0.04629688]
[0.0781856  0.04644801]
[0.07720238 0.04657384]
[0.07696938 0.04594593]
[0.07637772 0.04569483]
[0.07516169 0.04605389]
[0.07529799 0.04538946]
[0.07518182 0.04492366]
[0.07485349 0.04479758]
[0.0743676  0.04465453]
[0.07437799 0.04412412]
[0.07400819 0.04362938]
[0.07362818 0.04328345]
[0.07308815 0.04323406]
[0.07280246 0.04303618]
[0.07279258 0.04237272]
[0.07263513 0.04184516]
[0.07256182 0.04133418]
[0.07232684 0.04136219]
[0.07229541 0.04105049]
[0.07206308 0.04106304]
[0.07199838 0.04089412]
[0.07160685 0.04072928]
[0.07096304 0.04085939]
[0.07062521 0.04062099]
[0.07043375 0.04042102]
[0.07008395 0.04030965]
[0.06960777 0.04033025]
[0.0692463  0.04037289]
[0.06878154 0.04042092]
[0.0685176  0.04017436]
[0.06825321 0.03997925]
[0.06788318 0.04000339]
[0.06769265 0.03988194]
[0.06738484 0.03981995]
[0.06710965 0.0396111 ]
[0.06654889 0.03973616]
[0.06632674 0.03926398]
[0.0663055  0.03886419]
[0.06617835 0.03804653]
[0.06594683 0.03762298]
[0.06600958 0.03696475]
[0.06569287 0.03696226]
[0.06562815 0.03654008]
[0.06522749 0.03650642]
[0.06488796 0.03653804]
[0.06465512 0.0361425 ]
[0.06468543 0.03568981]
[0.06434783 0.03556721]
[0.06418999 0.03493988]
[0.06409568 0.03423371]
[0.06402223 0.03393313]
[0.0635896  0.03395345]
[0.06343028 0.033622  ]
[0.06309165 0.0334268 ]
[0.06255254 0.03325988]
[0.06225799 0.03302565]
[0.06245792 0.03215959]
[0.06208769 0.0318737 ]
[0.06233953 0.03116252]
[0.0617896  0.03088008]
[0.06107139 0.03081541]
[0.06071321 0.03057331]
[0.06028047 0.0306308 ]
[0.05974077 0.0303793 ]
[0.05949508 0.03016205]
[0.05928292 0.02965904]
[0.05898558 0.02946018]
[0.05866815 0.02913237]
[0.05841339 0.02878838]
[0.05811693 0.0285073 ]
[0.05746191 0.02850802]
[0.05708056 0.02827885]
[0.05684636 0.02799828]
[0.05615918 0.02802375]



Individual 107
Population size: 800
Generations: 200
Seed: 29
Max features: 178
Crossover probability: 0.9
Mutation probability: 1.0
Pool proportion (to population size): 0.5
Mean fitness values of each generation
[0.55933119 0.39961668]
[0.49226448 0.35945436]
[0.46749514 0.33911209]
[0.44974355 0.32437094]
[0.4349369  0.31162863]
[0.42321974 0.30192356]
[0.41237361 0.29342546]
[0.40250127 0.28445351]
[0.39321417 0.27511338]
[0.38440092 0.26568788]
[0.37199336 0.25942151]
[0.3631733 0.2511007]
[0.35467097 0.24460178]
[0.34978433 0.23818594]
[0.34461076 0.23132265]
[0.3385444  0.22403562]
[0.33048783 0.2202023 ]
[0.32423324 0.21350661]
[0.3203618  0.20689115]
[0.31454707 0.20226743]
[0.31005025 0.19660455]
[0.30569949 0.1907509 ]
[0.30220528 0.18603504]
[0.29782396 0.18145269]
[0.29296873 0.17724519]
[0.29018353 0.17114945]
[0.28592063 0.16758663]
[0.28157945 0.16435781]
[0.27693145 0.16075796]
[0.2748511  0.15623218]
[0.27215252 0.15280351]
[0.26980361 0.14814877]
[0.26474941 0.14650599]
[0.26008553 0.14394738]
[0.25646522 0.14091372]
[0.25078987 0.13986683]
[0.24678737 0.13712583]
[0.24412143 0.13397287]
[0.24045049 0.13065963]
[0.23504146 0.12783821]
[0.23305215 0.12399226]
[0.23041365 0.12031164]
[0.22746215 0.11726203]
[0.22510348 0.11376559]
[0.22358241 0.11042204]
[0.22148772 0.10750018]
[0.21855592 0.10596796]
[0.21760865 0.10328154]
[0.21408854 0.10172352]
[0.2120361  0.09955102]
[0.20930859 0.09708839]
[0.20816348 0.09423807]
[0.20530341 0.0927829 ]
[0.20199473 0.09211686]
[0.19919182 0.09077779]
[0.19733499 0.08918095]
[0.19526382 0.08718085]
[0.19329689 0.08600086]
[0.19030131 0.0854716 ]
[0.1896813  0.08378393]
[0.18857619 0.08225275]
[0.18545633 0.08184104]
[0.18327982 0.07988086]
[0.18244037 0.07766869]
[0.18028541 0.07615095]
[0.17652184 0.07588994]
[0.17371586 0.07570532]
[0.17174984 0.07463303]
[0.17100474 0.07279274]
[0.1705561 0.0699549]
[0.16637088 0.06969466]
[0.16574097 0.06756925]
[0.16267245 0.06670964]
[0.16006781 0.06601958]
[0.15855609 0.0645799 ]
[0.1572398 0.0635678]
[0.15509332 0.06301255]
[0.15378982 0.06186471]
[0.15140305 0.06099137]
[0.1502672  0.05980367]
[0.14884733 0.05863741]
[0.14738481 0.05813337]
[0.145448   0.05764099]
[0.14395565 0.05667   ]
[0.14266362 0.05578841]
[0.1413797  0.05501125]
[0.14032826 0.05383482]
[0.13849705 0.05344562]
[0.13680261 0.05304972]
[0.13556194 0.05220419]
[0.13414103 0.05129153]
[0.13277422 0.05065395]
[0.13192453 0.04970985]
[0.12989431 0.04932735]
[0.13025202 0.04722902]
[0.12926351 0.04622773]
[0.12759279 0.04546312]
[0.12599264 0.04517118]
[0.12416198 0.04483394]
[0.12268121 0.04437582]
[0.12159653 0.04399708]
[0.12030112 0.04335693]
[0.11842751 0.04324264]
[0.1167544  0.04311737]
[0.11552549 0.04243705]
[0.1136618  0.04227978]
[0.11240989 0.04190338]
[0.11174797 0.04109277]
[0.11104344 0.03987595]
[0.11010755 0.03922601]
[0.10915963 0.03861099]
[0.10828691 0.03808377]
[0.10736162 0.03762895]
[0.1064145  0.03714579]
[0.10493037 0.0369517 ]
[0.10406774 0.03632797]
[0.10366844 0.03547188]
[0.10285813 0.03509642]
[0.10217526 0.03471116]
[0.10122674 0.03444226]
[0.10047958 0.03422995]
[0.09954317 0.03397035]
[0.09859504 0.03373715]
[0.0976801  0.03348794]
[0.09687994 0.03329784]
[0.09597622 0.03333601]
[0.09543836 0.03318449]
[0.0949547  0.03273726]
[0.09485991 0.03231449]
[0.09409162 0.03205624]
[0.09350149 0.03177943]
[0.09295349 0.03179544]
[0.0925016  0.03141161]
[0.0919647  0.03135368]
[0.09173269 0.03120175]
[0.0912696 0.0310738]
[0.09050294 0.03118826]
[0.09009316 0.03099733]
[0.08964042 0.03077863]
[0.08931378 0.03056542]
[0.08906095 0.03038342]
[0.08906093 0.03015232]
[0.08879808 0.02990347]
[0.08853499 0.02964304]
[0.08841859 0.02939805]
[0.08826013 0.02936857]
[0.08800694 0.02938058]
[0.08793277 0.0292749 ]
[0.08779613 0.02925463]
[0.08759642 0.02918031]
[0.0873862  0.02910598]
[0.08720749 0.02907239]
[0.08694471 0.02897702]
[0.08670295 0.02888243]
[0.08652426 0.0287942 ]
[0.08622995 0.02871312]
[0.08587264 0.02863165]
[0.08559934 0.02859111]
[0.08532605 0.02846949]
[0.08510531 0.02830057]
[0.08491611 0.02815791]
[0.08465335 0.02804304]
[0.08449555 0.02805772]
[0.08445354 0.02806525]
[0.08445354 0.02806525]
[0.08445354 0.02806525]
[0.08445354 0.02806525]
[0.08445354 0.02806525]
[0.08445354 0.02805135]
[0.08445354 0.02805135]
[0.0844535  0.02807219]
[0.08446402 0.02806505]
[0.08446402 0.02806505]
[0.08448508 0.02803725]
[0.08448504 0.02803049]
[0.0845587  0.02799632]
[0.0845587  0.02798242]
[0.08454817 0.02796215]
[0.08460073 0.02790095]
[0.08463228 0.02786003]
[0.08464281 0.02783976]
[0.08466384 0.02783435]
[0.08468486 0.02779342]
[0.08469537 0.02777991]
[0.08471639 0.02772547]
[0.08471639 0.02771871]
[0.08475846 0.02765713]
[0.0848005  0.02760269]
[0.08482154 0.02758319]
[0.08484256 0.02752875]
[0.08488461 0.02748145]
[0.08489512 0.02744014]
[0.08491614 0.02740597]
[0.08497925 0.02735191]
[0.08501081 0.02729747]
[0.08506334 0.02725712]
[0.08515797 0.02715538]
[0.08523157 0.0270743 ]
[0.08527361 0.02701311]
[0.08534717 0.02696811]
[0.08545232 0.02686638]



Individual 110
Population size: 800
Generations: 200
Seed: 29
Max features: 178
Crossover probability: 0.9
Mutation probability: 1.0
Pool proportion (to population size): 0.5
Mean fitness values of each generation
[0.60936337 0.38424246]
[0.54782008 0.34509464]
[0.52551122 0.32957103]
[0.50998115 0.3183627 ]
[0.49243065 0.30948254]
[0.48189761 0.30012202]
[0.46893365 0.29280119]
[0.45897983 0.28537937]
[0.44738772 0.27794841]
[0.43759145 0.27094325]
[0.4295245  0.26419464]
[0.42224799 0.25741925]
[0.41467286 0.25128353]
[0.40756846 0.24533274]
[0.39803974 0.23949484]
[0.39028664 0.23390913]
[0.38172984 0.22946071]
[0.37433424 0.22551687]
[0.36731248 0.22250556]
[0.36061058 0.21831984]
[0.35520474 0.21420675]
[0.35094967 0.20989841]
[0.3459256  0.20592202]
[0.34213153 0.20178413]
[0.33729367 0.19741032]
[0.33043478 0.19560278]
[0.32642194 0.19160159]
[0.32234576 0.18918631]
[0.31595136 0.18722242]
[0.3112513  0.18562917]
[0.3073656  0.18191131]
[0.30313052 0.18051091]
[0.30021007 0.17809563]
[0.29776363 0.17516409]
[0.29654288 0.17128393]
[0.29165467 0.16910099]
[0.28884118 0.16623552]
[0.28427978 0.16510198]
[0.28093065 0.16278214]
[0.27774652 0.15992837]
[0.27461896 0.15798393]
[0.27014167 0.15651548]
[0.26580998 0.15575397]
[0.26408152 0.15317857]
[0.26185929 0.15151508]
[0.25864843 0.14981409]
[0.25753289 0.14735258]
[0.25541527 0.14429028]
[0.25225428 0.142925  ]
[0.25026231 0.13980833]
[0.24709182 0.1380252 ]
[0.24611114 0.13488274]
[0.24366689 0.1331879 ]
[0.24148549 0.13165099]
[0.23880075 0.12997202]
[0.23664081 0.12738036]
[0.233069   0.12715456]
[0.22963208 0.12634563]
[0.22820933 0.12362004]
[0.2259437  0.12140119]
[0.22146215 0.12166925]
[0.21975506 0.11964087]
[0.2177863  0.11792222]
[0.21616441 0.11563194]
[0.2144253  0.11390119]
[0.21417268 0.11221091]
[0.21214948 0.11126032]
[0.21091802 0.10873214]
[0.20914823 0.10784246]
[0.20651399 0.10676349]
[0.20458605 0.10589325]
[0.20327997 0.10487222]
[0.20144606 0.10404444]
[0.20039378 0.10293373]
[0.19870791 0.1021746 ]
[0.19795031 0.09968333]
[0.19643152 0.09810595]
[0.19548313 0.09660754]
[0.19444025 0.09536468]
[0.19396739 0.09363294]
[0.19226069 0.09279524]
[0.19156569 0.09102619]
[0.1898461  0.09021131]
[0.1894872  0.08802579]
[0.18749458 0.08778631]
[0.18649522 0.08693651]
[0.18450252 0.08599504]
[0.18300674 0.0845746 ]
[0.18172124 0.08339782]
[0.18030883 0.0815506 ]
[0.18006622 0.07967183]
[0.1780961  0.07895099]
[0.17540944 0.07880734]
[0.17400789 0.07812004]
[0.17222697 0.07762897]
[0.17092054 0.07712004]
[0.17015115 0.075775  ]
[0.16929791 0.07497659]
[0.16892843 0.07414742]
[0.16808522 0.07312242]
[0.16782145 0.07142103]
[0.16786285 0.06982242]
[0.16707269 0.06875853]
[0.1663878  0.06755556]
[0.16580897 0.06650595]
[0.1645652  0.06566349]
[0.16362818 0.06513631]
[0.16296435 0.06407282]
[0.16185833 0.06339504]
[0.15985531 0.06359246]
[0.15930726 0.06267123]
[0.15840119 0.06177163]
[0.15769551 0.06056806]
[0.15735808 0.05933968]
[0.15638866 0.05865873]
[0.15586175 0.05771171]
[0.15470275 0.05721329]
[0.15340581 0.05706508]
[0.15229908 0.05650893]
[0.15174101 0.05590079]
[0.15175176 0.05452698]
[0.15004362 0.05437599]
[0.14869514 0.0543629 ]
[0.14781088 0.05383929]
[0.14689435 0.05339663]
[0.14630309 0.05296329]
[0.14544955 0.05264444]
[0.14503892 0.05187579]
[0.14476519 0.05103333]
[0.14391212 0.05080734]
[0.14351199 0.04995774]
[0.1426685  0.04973571]
[0.14218377 0.04919226]
[0.14180426 0.04849008]
[0.14150978 0.04794841]
[0.14085641 0.04758988]
[0.14027749 0.04708889]
[0.139361   0.04715437]
[0.138824  0.0466877]
[0.13816061 0.04655159]
[0.1372439  0.04650337]
[0.13671686 0.04634226]
[0.13636944 0.04599603]
[0.13624352 0.04530119]
[0.13575881 0.04500754]
[0.1350423  0.04463313]
[0.13414726 0.04454385]
[0.13411538 0.04374266]
[0.13345117 0.04365337]
[0.13307204 0.04312361]
[0.13211337 0.04305456]
[0.13188222 0.04241607]
[0.13144    0.04197222]
[0.13125024 0.04125873]
[0.13108201 0.04080556]
[0.13085075 0.04011369]
[0.1305246  0.03949603]
[0.12994524 0.03914187]
[0.12928154 0.03897956]
[0.12875434 0.03890079]
[0.12882749 0.03844028]
[0.12842667 0.03827599]
[0.12812146 0.03804067]
[0.12780568 0.03768651]
[0.12740555 0.03739266]
[0.12711108 0.03708512]
[0.12672146 0.03656706]
[0.12594236 0.03642202]
[0.12597359 0.03611627]
[0.12560464 0.0359121 ]
[0.12555203 0.0354121 ]
[0.12523596 0.03523571]
[0.12490935 0.03508671]
[0.12467767 0.03481548]
[0.12442488 0.03464861]
[0.12418234 0.03446667]
[0.12390827 0.0343379 ]
[0.12356106 0.03423175]
[0.1234241 0.0340881]
[0.1232243  0.03391766]
[0.12330867 0.03365615]
[0.12330897 0.03326964]
[0.12281438 0.0332752 ]
[0.12280373 0.03296429]
[0.12256114 0.03297857]
[0.12232918 0.03297024]
[0.12203434 0.03288433]
[0.12187641 0.03271607]
[0.12172881 0.03255516]
[0.1214444  0.03255655]
[0.12119165 0.03252937]
[0.12092843 0.03243095]
[0.12068635 0.03244623]
[0.12042319 0.03244663]
[0.12009662 0.03242679]
[0.11997012 0.03227302]
[0.11984369 0.03214206]
[0.11989623 0.03187976]
[0.11993829 0.03162421]
[0.11992768 0.03133988]
[0.11956944 0.03150079]



