Fitness metrics: KappaLoss, CrossValidationLoss

Individual 104
Population size: 800
Generations: 200
Seed: 29
Max features: 50
Crossover probability: 0.9
Mutation probability: 1.0
Pool proportion (to population size): 0.5
Mean fitness values of each generation
[0.74562202 0.46270426]
[0.66759469 0.41110564]
[0.62145784 0.38381016]
[0.58052229 0.35945267]
[0.54151583 0.33776359]
[0.50475318 0.32019646]
[0.47615521 0.30191721]
[0.44890129 0.28579775]
[0.42024898 0.27001287]
[0.39223628 0.25778722]
[0.37127667 0.24586662]
[0.34950605 0.2367687 ]
[0.33132745 0.22668124]
[0.31799927 0.21737724]
[0.30414104 0.21081754]
[0.29385435 0.20314197]
[0.28169073 0.19720499]
[0.27310156 0.19220589]
[0.26395272 0.1871201 ]
[0.25375834 0.18149908]
[0.2458742  0.17696998]
[0.238567   0.17173711]
[0.23132028 0.16851574]
[0.22583998 0.16367971]
[0.21743542 0.16145191]
[0.21231023 0.15783524]
[0.2086042  0.15469907]
[0.20320323 0.15179128]
[0.20215071 0.14796211]
[0.19639783 0.14665419]
[0.19414906 0.14282269]
[0.19060575 0.14141411]
[0.18780486 0.13872962]
[0.18404703 0.13764442]
[0.18093867 0.1365941 ]
[0.17916353 0.13519941]
[0.17807103 0.1321013 ]
[0.17529814 0.13049771]
[0.17270837 0.12918561]
[0.17139511 0.12777665]
[0.16996454 0.12617673]
[0.1665349  0.12556735]
[0.16390925 0.12377455]
[0.16328045 0.12218379]
[0.16070048 0.12013969]
[0.15763222 0.11882948]
[0.15602917 0.11735513]
[0.15448323 0.11577758]
[0.15353528 0.11407235]
[0.15243757 0.11233962]
[0.15186338 0.11053101]
[0.15073721 0.10946492]
[0.1484386  0.10858087]
[0.14747745 0.1071404 ]
[0.1447087  0.10569183]
[0.14210065 0.10501617]
[0.14001259 0.10443723]
[0.13849328 0.10371794]
[0.13759786 0.10219915]
[0.13632124 0.10158509]
[0.13604739 0.09935472]
[0.13593336 0.09751018]
[0.13479196 0.09659352]
[0.13405474 0.09602438]
[0.13310802 0.09583021]
[0.13292796 0.09428613]
[0.13160111 0.09260047]
[0.13010847 0.09136409]
[0.12890835 0.0903551 ]
[0.12834304 0.08886492]
[0.1273552  0.08839706]
[0.12615197 0.08799396]
[0.12484583 0.08715287]
[0.1237422  0.08684656]
[0.12274359 0.08619173]
[0.12084375 0.08548049]
[0.1196792  0.08491338]
[0.11954165 0.0839931 ]
[0.11670955 0.08452569]
[0.11602715 0.083724  ]
[0.11461914 0.08326283]
[0.11321178 0.08279498]
[0.11277191 0.08149175]
[0.11092401 0.08166729]
[0.11056868 0.0808177 ]
[0.1104193  0.07953078]
[0.11032523 0.07857669]
[0.1100829  0.07791646]
[0.11028014 0.07697853]
[0.10989167 0.07652332]
[0.10890393 0.076492  ]
[0.10885857 0.07544886]
[0.1085549  0.07496299]
[0.10822914 0.07415129]
[0.10742189 0.0735488 ]
[0.10599566 0.0737237 ]
[0.10503058 0.07367355]
[0.10476818 0.07328418]
[0.10435786 0.07288862]
[0.1041572  0.07213288]
[0.10372554 0.07173459]
[0.10428198 0.07091518]
[0.10454251 0.07021471]
[0.10426121 0.06973054]
[0.10215135 0.06947879]
[0.10166794 0.06897516]
[0.10085984 0.0687208 ]
[0.10003    0.06872257]
[0.0997772  0.06842533]
[0.09912616 0.06831359]
[0.09865432 0.06796655]
[0.09773042 0.06812753]
[0.09739376 0.0677631 ]
[0.09682881 0.06746267]
[0.09629485 0.06690208]
[0.09644038 0.06664786]
[0.09589411 0.06634241]
[0.09502474 0.06641711]
[0.09423665 0.06642549]
[0.09380632 0.06633554]
[0.09387823 0.06584694]
[0.0929345 0.0658886]
[0.09257743 0.06555853]
[0.0929754  0.06484929]
[0.09259771 0.06460259]
[0.09217515 0.06450165]
[0.09259647 0.06357873]
[0.09269145 0.06295738]
[0.09286873 0.06257014]
[0.09232328 0.06232434]
[0.09201906 0.06206457]
[0.09181886 0.0620275 ]
[0.09120804 0.06221915]
[0.09112431 0.06201064]
[0.09160579 0.06144949]
[0.09158475 0.06114486]
[0.09196282 0.06074431]
[0.09245573 0.06001227]
[0.09262271 0.05970692]
[0.09260156 0.05927915]
[0.09258998 0.0589705 ]
[0.09265188 0.05867784]
[0.09272546 0.05821897]
[0.09301884 0.05777961]
[0.09383563 0.0570461 ]
[0.09334261 0.05685598]
[0.09269084 0.0569754 ]
[0.09260561 0.05684609]
[0.09223785 0.05693869]
[0.0913888  0.05682868]
[0.09133617 0.0565822 ]
[0.09051563 0.05652003]
[0.09006521 0.05636194]
[0.08940503 0.05642583]
[0.08856575 0.05628524]
[0.08699318 0.05641398]
[0.08685615 0.05612342]
[0.08640459 0.05611025]
[0.08544015 0.0561579 ]
[0.08533442 0.05583862]
[0.08463022 0.05580043]
[0.08419985 0.05587472]
[0.08370713 0.05574642]
[0.08410514 0.05537616]
[0.0849007  0.05466489]
[0.0849515  0.05428632]
[0.08461556 0.05425642]
[0.08440564 0.0541694 ]
[0.08312602 0.05440371]
[0.08290701 0.0541219 ]
[0.08269618 0.05395395]
[0.08215049 0.05390415]
[0.08179411 0.0537036 ]
[0.08159625 0.05350904]
[0.08165927 0.05306622]
[0.08128182 0.05283212]
[0.08091491 0.05273059]
[0.08065297 0.05263869]
[0.08050464 0.05263488]
[0.07993762 0.05256614]
[0.07970566 0.05246131]
[0.07956967 0.05227621]
[0.07944293 0.05201675]
[0.07889715 0.05197589]
[0.07892754 0.05155649]
[0.07862295 0.05155265]
[0.07836059 0.05146426]
[0.0781712  0.05131718]
[0.07822348 0.05101394]
[0.07788685 0.05101295]
[0.07784398 0.05079678]
[0.07810693 0.05033578]
[0.07775064 0.05028715]
[0.07766606 0.05001328]
[0.07732988 0.04995692]
[0.07697272 0.0498627 ]
[0.07655363 0.04969316]
[0.07597713 0.0498694 ]
[0.07549442 0.04985685]
[0.07538979 0.0496709 ]
[0.07503295 0.04949015]



Individual 107
Population size: 800
Generations: 200
Seed: 29
Max features: 50
Crossover probability: 0.9
Mutation probability: 1.0
Pool proportion (to population size): 0.5
Mean fitness values of each generation
[0.66978017 0.45817988]
[0.60634135 0.41711041]
[0.57795688 0.39617595]
[0.55043162 0.37716006]
[0.52796121 0.35850604]
[0.50790418 0.34354812]
[0.48946047 0.3280884 ]
[0.47116566 0.31413878]
[0.45632884 0.30022599]
[0.43992171 0.28482316]
[0.42716515 0.27240176]
[0.41552713 0.25908775]
[0.40545592 0.24869234]
[0.39795372 0.24051054]
[0.38547043 0.23504166]
[0.37941363 0.22747107]
[0.37215976 0.22192239]
[0.36420586 0.21451539]
[0.35564528 0.21008916]
[0.35060158 0.20479155]
[0.34408999 0.20012117]
[0.33584464 0.19684116]
[0.33107296 0.19295393]
[0.32592333 0.1885396 ]
[0.32065749 0.18516935]
[0.31641514 0.18221443]
[0.31028025 0.17961024]
[0.30710253 0.17647402]
[0.30277495 0.17466876]
[0.29965316 0.17175701]
[0.29639201 0.16887785]
[0.29085194 0.1671479 ]
[0.28906782 0.16453989]
[0.28554667 0.16283845]
[0.28324603 0.15988126]
[0.28109443 0.15759391]
[0.27698916 0.15677194]
[0.2754129  0.15496824]
[0.27238569 0.15375187]
[0.27168694 0.15167197]
[0.27033923 0.15039841]
[0.26806461 0.14931704]
[0.2660965  0.14745628]
[0.26290542 0.14723801]
[0.25997949 0.14653475]
[0.25933431 0.14448094]
[0.25628002 0.14326497]
[0.25550984 0.14140919]
[0.25271993 0.14081496]
[0.25215788 0.13946294]
[0.24967413 0.13843228]
[0.2489949  0.13620804]
[0.2444522  0.13652002]
[0.2437259  0.13480836]
[0.24205354 0.13355565]
[0.24126761 0.13268585]
[0.24044867 0.13176876]
[0.23819037 0.13093902]
[0.23500374 0.13088133]
[0.23424435 0.12976507]
[0.23210224 0.12878216]
[0.22940008 0.12812802]
[0.22806132 0.12769198]
[0.22650316 0.12703372]
[0.22519774 0.12619764]
[0.22429712 0.12488035]
[0.22259724 0.12484946]
[0.22151936 0.12423093]
[0.21948391 0.12435206]
[0.21718727 0.12442763]
[0.21624331 0.12384956]
[0.21565861 0.1220714 ]
[0.21495647 0.12152775]
[0.21513526 0.11984775]
[0.21501896 0.11821551]
[0.21415531 0.11753316]
[0.21259553 0.11727681]
[0.2099411  0.11733593]
[0.20852948 0.11679021]
[0.20731541 0.11641995]
[0.20555064 0.11595749]
[0.20437014 0.11527857]
[0.20381641 0.11453233]
[0.20344092 0.11372272]
[0.20286726 0.11292381]
[0.20117538 0.1127094 ]
[0.20083084 0.1111305 ]
[0.20068382 0.10975161]
[0.19946317 0.10951224]
[0.19859291 0.10900493]
[0.19767568 0.10844359]
[0.19589266 0.10842429]
[0.19491226 0.10817394]
[0.19409582 0.10775628]
[0.19268699 0.10745638]
[0.19134023 0.10731004]
[0.19078524 0.10638689]
[0.18955454 0.10556001]
[0.18915728 0.10498478]
[0.18903868 0.1035094 ]
[0.18861974 0.10245048]
[0.18703082 0.10184057]
[0.18691602 0.1007226 ]
[0.18568251 0.10005492]
[0.18417926 0.09951227]
[0.18403424 0.0983643 ]
[0.1825009  0.09818566]
[0.18128817 0.09794383]
[0.18169317 0.09664091]
[0.18146441 0.09593302]
[0.18076683 0.0956982 ]
[0.17934486 0.09528931]
[0.179294   0.09412686]
[0.17784159 0.09391066]
[0.17668255 0.09343777]
[0.17577275 0.09303563]
[0.17511418 0.09233385]
[0.17443448 0.09127114]
[0.17345582 0.09045435]
[0.17340526 0.08882757]
[0.17189909 0.08875654]
[0.16941399 0.0889035 ]
[0.16874481 0.0881589 ]
[0.16846311 0.08691043]
[0.16799255 0.08651123]
[0.16727154 0.08566326]
[0.16602978 0.08523705]
[0.16441156 0.08524156]
[0.16264639 0.08511295]
[0.16163101 0.0846139 ]
[0.160785  0.0844002]
[0.1603679 0.0840479]
[0.15944673 0.08405233]
[0.15869564 0.0840359 ]
[0.15837247 0.08333995]
[0.15820575 0.08220622]
[0.15834995 0.08089526]
[0.15818402 0.08029071]
[0.15723481 0.07990439]
[0.15686057 0.07930521]
[0.15650423 0.07868612]
[0.15610866 0.07794389]
[0.15585734 0.07757155]
[0.15569136 0.07673179]
[0.15531632 0.07610497]
[0.15369741 0.07600483]
[0.15245476 0.07603941]
[0.15172342 0.07579809]
[0.15020017 0.0760709 ]
[0.14978132 0.07576141]
[0.14918527 0.07513037]
[0.14880153 0.07441188]
[0.14779044 0.07414846]
[0.14739536 0.07335133]
[0.14707179 0.07296992]
[0.14661186 0.07242806]
[0.14643465 0.07163104]
[0.14569219 0.07108803]
[0.14487953 0.07098614]
[0.14409875 0.07072184]
[0.14349323 0.07048924]
[0.1432015  0.07001822]
[0.14250161 0.0697848 ]
[0.14202149 0.06958438]
[0.14181313 0.06919676]
[0.1410088  0.06915915]
[0.14069674 0.06849159]
[0.14019641 0.06810978]
[0.14039461 0.06740445]
[0.14003911 0.0672367 ]
[0.13975545 0.06700333]
[0.13933843 0.06661245]
[0.13888966 0.0665424 ]
[0.13850481 0.06620688]
[0.13835786 0.06582313]
[0.13785562 0.06556426]
[0.13767927 0.06525942]
[0.13765715 0.06492681]
[0.13763626 0.06463917]
[0.13673798 0.06453935]
[0.13651932 0.06420868]
[0.13621524 0.06382995]
[0.13610089 0.06364596]
[0.13656131 0.06291565]
[0.1363213 0.0624205]
[0.13564092 0.06230715]
[0.13460732 0.06255249]
[0.13413734 0.06234302]
[0.13378238 0.06223777]
[0.13363658 0.06183685]
[0.13321906 0.06157949]
[0.13291617 0.06157643]
[0.13218721 0.06147097]
[0.13213482 0.06104412]
[0.13164318 0.06085572]
[0.13140184 0.06064398]
[0.13117014 0.06039557]
[0.13072135 0.0602477 ]
[0.13057481 0.06007469]
[0.12992711 0.06001831]
[0.12974983 0.0598349 ]



Individual 110
Population size: 800
Generations: 200
Seed: 29
Max features: 50
Crossover probability: 0.9
Mutation probability: 1.0
Pool proportion (to population size): 0.5
Mean fitness values of each generation
[0.7035126  0.45774187]
[0.63643068 0.41059444]
[0.59923115 0.38946349]
[0.57429936 0.37082143]
[0.5525811  0.35677123]
[0.53300342 0.34488552]
[0.51375977 0.33489544]
[0.4949201  0.32232024]
[0.4749371  0.31183472]
[0.45615579 0.3016746 ]
[0.44039078 0.29293175]
[0.42593389 0.28288056]
[0.4148468  0.27264921]
[0.40343595 0.26609385]
[0.39296627 0.2591877 ]
[0.38393985 0.25453313]
[0.37500806 0.24916964]
[0.3673107  0.24278671]
[0.36205305 0.2379252 ]
[0.35430079 0.2330627 ]
[0.34746218 0.229525  ]
[0.34440578 0.22309821]
[0.33969111 0.21929405]
[0.33455319 0.21448472]
[0.33069949 0.21055377]
[0.32901343 0.20592083]
[0.32473069 0.20253651]
[0.31927653 0.19828056]
[0.31288697 0.19634901]
[0.30977687 0.19307381]
[0.30477964 0.19132123]
[0.29882982 0.19086925]
[0.29564646 0.18764444]
[0.29236943 0.18468849]
[0.28958605 0.18159385]
[0.28553247 0.17962242]
[0.28283078 0.17864583]
[0.2803691  0.17680595]
[0.27735323 0.17483631]
[0.27555172 0.17241766]
[0.27347775 0.17024603]
[0.26968557 0.16879861]
[0.26751799 0.16671131]
[0.26510855 0.16514821]
[0.26203937 0.1641621 ]
[0.26031122 0.1626619 ]
[0.25854083 0.16174405]
[0.25649809 0.16009484]
[0.25448603 0.15881687]
[0.25285186 0.15731766]
[0.25265338 0.15472024]
[0.25118698 0.15342143]
[0.24940545 0.15269266]
[0.24776037 0.15211468]
[0.24705869 0.15118333]
[0.24638829 0.14974583]
[0.24577001 0.14849921]
[0.24398916 0.14802381]
[0.2440834  0.14630774]
[0.24333805 0.14530714]
[0.24222666 0.14438036]
[0.24063495 0.14347242]
[0.23959733 0.14201071]
[0.23822506 0.14095417]
[0.23685227 0.14029821]
[0.23710347 0.13883353]
[0.23573063 0.13817798]
[0.23514366 0.13711845]
[0.23369785 0.13604504]
[0.23278631 0.13474405]
[0.23332019 0.13279762]
[0.2328171  0.13158056]
[0.2320518  0.13020119]
[0.23159075 0.12880377]
[0.23037572 0.12752123]
[0.22855289 0.12708313]
[0.22673981 0.12635774]
[0.22658257 0.12492996]
[0.22503121 0.12415496]
[0.22431808 0.1226504 ]
[0.22318569 0.12192143]
[0.22088114 0.12143274]
[0.22004296 0.12025218]
[0.21832537 0.11987381]
[0.21699538 0.11888492]
[0.21654528 0.11750159]
[0.21635731 0.11629603]
[0.21573942 0.11556687]
[0.21432471 0.11452202]
[0.21373789 0.113275  ]
[0.21232403 0.1132627 ]
[0.21084731 0.112375  ]
[0.21052334 0.11081429]
[0.21050275 0.10934345]
[0.20952859 0.10840496]
[0.20947669 0.10670456]
[0.20966563 0.10496349]
[0.20872283 0.10370992]
[0.20808414 0.10281012]
[0.20638697 0.10315972]
[0.20515093 0.10233849]
[0.20480466 0.10141726]
[0.20368325 0.10038472]
[0.20266667 0.0995498 ]
[0.20202798 0.09797083]
[0.20020556 0.09779048]
[0.19852896 0.09735913]
[0.19529231 0.09765536]
[0.19427642 0.096775  ]
[0.1923596  0.09648413]
[0.19134379 0.09549246]
[0.19080913 0.09432321]
[0.19025336 0.09296687]
[0.18954137 0.09192361]
[0.18863047 0.09107937]
[0.18724762 0.09062738]
[0.18528932 0.08962718]
[0.18287032 0.08988671]
[0.18174958 0.08962381]
[0.18060774 0.08945456]
[0.18036676 0.08851508]
[0.17853398 0.08791071]
[0.17700461 0.08763849]
[0.17602017 0.0870756 ]
[0.1750983  0.08650556]
[0.17334897 0.08650337]
[0.17159948 0.08624107]
[0.170175 0.085175]
[0.17013373 0.08334881]
[0.16907606 0.08246687]
[0.16696005 0.08225218]
[0.16618506 0.08173571]
[0.16571404 0.08067917]
[0.1654106  0.07981071]
[0.16456192 0.07916607]
[0.16386035 0.07796925]
[0.16151394 0.07823929]
[0.15984878 0.0783006 ]
[0.15866517 0.07738869]
[0.15719849 0.07700913]
[0.15643389 0.07618611]
[0.15573223 0.07507321]
[0.15521911 0.07441349]
[0.15468484 0.07380218]
[0.15429749 0.07309187]
[0.15335498 0.07277083]
[0.15284228 0.07205337]
[0.15224552 0.0715254 ]
[0.15157543 0.07097183]
[0.15064301 0.07080218]
[0.14995186 0.07049107]
[0.14971145 0.06996071]
[0.1493342  0.06967897]
[0.1487059  0.06945218]
[0.14863261 0.06862639]
[0.14836048 0.06813452]
[0.14816138 0.06741647]
[0.14740724 0.06721706]
[0.14683093 0.06688909]
[0.14612909 0.06688552]
[0.14552157 0.06682877]
[0.14491394 0.06660119]
[0.1450291  0.06588234]
[0.14495616 0.06544385]
[0.1446422  0.06511369]
[0.14461096 0.06467956]
[0.14496716 0.06367917]
[0.144632   0.06335139]
[0.14403505 0.06321468]
[0.14334376 0.06327381]
[0.14336491 0.06285813]
[0.14294577 0.06284008]
[0.14264197 0.06263194]
[0.14251638 0.06222937]
[0.14210816 0.06212937]
[0.1419198  0.06173452]
[0.14179419 0.06141627]
[0.14198283 0.06094504]
[0.142035   0.06045476]
[0.14155314 0.06041429]
[0.14096665 0.0605498 ]
[0.14066305 0.0603621 ]
[0.14052689 0.06013115]
[0.14025451 0.06006786]
[0.13948987 0.06020099]
[0.13937448 0.06010575]
[0.1393221  0.05979623]
[0.13911273 0.05969702]
[0.13890346 0.05953194]
[0.13940625 0.05898889]
[0.13935403 0.05880476]
[0.13900855 0.05877718]
[0.13876776 0.05857401]
[0.13858988 0.05832698]
[0.13846427 0.0581381 ]
[0.13815019 0.0581381 ]
[0.13819219 0.05780893]
[0.13798263 0.05773433]
[0.1375005 0.0580625]
[0.13729126 0.0579994 ]
[0.13686199 0.05805913]



