Fitness metrics: KappaLoss, CrossValidationLoss

Individual 104
Population size: 300
Generations: 150
Seed: 29
Max features: 40
Crossover probability: 0.9
Mutation probability: 1.0
Pool proportion (to population size): 0.5
Mean fitness values of each generation
[0.8251251  0.50426333]
[0.75068008 0.45534901]
[0.6891898  0.41748437]
[0.63751793 0.39238471]
[0.59789256 0.37066015]
[0.55657021 0.34769557]
[0.53139936 0.32826371]
[0.5005007  0.30972026]
[0.47097068 0.29153137]
[0.44560185 0.27404592]
[0.42000803 0.2580309 ]
[0.39546006 0.24340183]
[0.36953019 0.22998526]
[0.3435132  0.22113183]
[0.32584767 0.21302331]
[0.30891303 0.20749924]
[0.29295498 0.20160519]
[0.27948448 0.19704048]
[0.27157889 0.1899384 ]
[0.25545382 0.18481437]
[0.24673486 0.18082182]
[0.23351238 0.17674025]
[0.22529894 0.17192198]
[0.22093011 0.16627508]
[0.2117848  0.16214961]
[0.20791947 0.1574874 ]
[0.20278294 0.15364678]
[0.20088057 0.14995142]
[0.19271789 0.14684023]
[0.1878397  0.14487352]
[0.18440195 0.14227283]
[0.17911903 0.14061296]
[0.17507431 0.13852936]
[0.17208669 0.13643639]
[0.16817913 0.1352741 ]
[0.16261732 0.13525903]
[0.15929259 0.1344554 ]
[0.15506526 0.13245813]
[0.15344177 0.13077312]
[0.14808172 0.13008978]
[0.14735441 0.12802287]
[0.14773794 0.12582092]
[0.14344744 0.12486221]
[0.13761744 0.12488591]
[0.1336338  0.12495963]
[0.13194937 0.12415141]
[0.12942862 0.12414055]
[0.12671221 0.12322314]
[0.12707038 0.12053729]
[0.12482605 0.11977332]
[0.12077804 0.11991523]
[0.11912746 0.11994141]
[0.11803304 0.11933393]
[0.11763357 0.11836941]
[0.11743858 0.11764766]
[0.11572378 0.1168605 ]
[0.11485191 0.11543875]
[0.11311764 0.11499657]
[0.11219132 0.11414936]
[0.11250779 0.11223   ]
[0.11225201 0.11205044]
[0.11141297 0.11096934]
[0.10975878 0.11081034]
[0.10950136 0.10984166]
[0.10907679 0.10888952]
[0.10706453 0.10851846]
[0.10457358 0.10874762]
[0.10359214 0.10804389]
[0.10370441 0.10759348]
[0.10286556 0.10749013]
[0.10323316 0.10706897]
[0.10295224 0.10649305]
[0.10213933 0.10647239]
[0.10129853 0.10607915]
[0.09995635 0.10598912]
[0.0982771  0.10631193]
[0.09754925 0.10608444]
[0.09710192 0.10576116]
[0.09696413 0.1050095 ]
[0.09688491 0.10411587]
[0.09652147 0.103404  ]
[0.096607   0.10245395]
[0.09666619 0.10054116]
[0.09608094 0.10029036]
[0.09658793 0.09941068]
[0.09474234 0.09903343]
[0.09284129 0.09886815]
[0.09286769 0.09819076]
[0.09105004 0.09811872]
[0.09021017 0.09784121]
[0.09057229 0.0974572 ]
[0.0900128 0.0970254]
[0.08950983 0.09634801]
[0.0880538  0.09631403]
[0.08724025 0.09648905]
[0.08662249 0.09616112]
[0.08555738 0.09642149]
[0.08421583 0.09676529]
[0.08320703 0.09652285]
[0.0824551  0.09571637]
[0.08234602 0.09516359]
[0.08167723 0.09478776]
[0.08151129 0.09432015]
[0.08207384 0.09257249]
[0.08199033 0.09211587]
[0.08199129 0.09185394]
[0.08224351 0.09117081]
[0.08160001 0.09074453]
[0.08137684 0.09053359]
[0.08148931 0.08987164]
[0.08095921 0.08972335]
[0.08037246 0.08958587]
[0.08003677 0.08908097]
[0.07964528 0.08848391]
[0.07950295 0.08842936]
[0.07877647 0.08850608]
[0.07874828 0.08745809]
[0.07830102 0.08754459]
[0.07804785 0.08696494]
[0.07768458 0.0867003 ]
[0.07777075 0.08590862]
[0.07771432 0.08541903]
[0.07743298 0.08502162]
[0.07746006 0.08458979]
[0.0766447  0.08451054]
[0.07541383 0.08446833]
[0.07521691 0.08422329]
[0.07490968 0.08349541]
[0.07460129 0.08310679]
[0.07418012 0.08308421]
[0.07406893 0.08288393]
[0.07297632 0.08287622]
[0.07294805 0.08261364]
[0.07233268 0.08277937]
[0.07163364 0.08261361]
[0.0708201  0.08279432]
[0.06975727 0.08293388]
[0.06956187 0.08265849]
[0.06925353 0.08240984]
[0.06891867 0.08235175]
[0.06894565 0.0820743 ]
[0.06888619 0.0820007 ]
[0.06857668 0.08181484]
[0.06801558 0.08172116]
[0.06801644 0.08121716]
[0.06768122 0.0808522 ]
[0.06745585 0.08073741]
[0.06653366 0.08091762]
[0.06636626 0.08079202]
[0.06619872 0.08049711]
[0.06614321 0.08036687]



Individual 107
Population size: 300
Generations: 150
Seed: 29
Max features: 40
Crossover probability: 0.9
Mutation probability: 1.0
Pool proportion (to population size): 0.5
Mean fitness values of each generation
[0.74138393 0.49334186]
[0.67316852 0.44803922]
[0.63799815 0.42017595]
[0.61540344 0.40350934]
[0.59205228 0.38598404]
[0.57416763 0.37082136]
[0.55804715 0.35782028]
[0.54223171 0.34564113]
[0.52923854 0.3338579 ]
[0.51736498 0.32459993]
[0.5046029  0.31492997]
[0.49592843 0.30275341]
[0.48596716 0.29462744]
[0.4783392  0.28587086]
[0.47019692 0.27701311]
[0.4614885  0.27089275]
[0.45244413 0.26286821]
[0.44628802 0.25396399]
[0.43753532 0.24684133]
[0.42904912 0.23980543]
[0.41935465 0.23594879]
[0.41139454 0.229918  ]
[0.4047653 0.224586 ]
[0.40195918 0.2199892 ]
[0.39418426 0.21638403]
[0.39042492 0.21061499]
[0.38297701 0.2074135 ]
[0.38014747 0.2006167 ]
[0.37211454 0.19837386]
[0.37164477 0.19504878]
[0.36538585 0.19429099]
[0.36004092 0.19207051]
[0.35119555 0.19167354]
[0.34839776 0.18781925]
[0.34692886 0.18446037]
[0.34560055 0.18120279]
[0.34212638 0.1799441 ]
[0.33747378 0.17855528]
[0.33232396 0.17791742]
[0.33028468 0.17648441]
[0.32827545 0.17416515]
[0.3250722  0.17301999]
[0.32386101 0.17093309]
[0.31965235 0.16883096]
[0.31745084 0.16787616]
[0.31421892 0.16716956]
[0.31057859 0.16621037]
[0.30930325 0.16411052]
[0.30835172 0.16245351]
[0.30610491 0.16148763]
[0.30429349 0.16000588]
[0.30046346 0.15899695]
[0.30094719 0.15675117]
[0.29866737 0.15623185]
[0.29482694 0.15502284]
[0.29123326 0.15374525]
[0.289679   0.15042045]
[0.28778183 0.14917123]
[0.28357382 0.14881208]
[0.28086924 0.14717788]
[0.27758567 0.14620416]
[0.27658271 0.14512577]
[0.27332707 0.14509076]
[0.27234812 0.14421793]
[0.27201293 0.14277349]
[0.26931872 0.14214879]
[0.26814433 0.14149492]
[0.26725541 0.14033239]
[0.26689825 0.13962091]
[0.26322563 0.13971536]
[0.26169402 0.14015179]
[0.26071605 0.13930685]
[0.2590544  0.13777846]
[0.25791541 0.13689755]
[0.25672012 0.13578886]
[0.2560771 0.1349981]
[0.2549385  0.13478187]
[0.253891   0.13272543]
[0.25029198 0.1327851 ]
[0.25035179 0.13006069]
[0.24898681 0.13002417]
[0.2478163  0.12973961]
[0.2466176  0.12933246]
[0.24472191 0.12937618]
[0.24377522 0.12856336]
[0.24224386 0.12805897]
[0.24254506 0.12665181]
[0.24032022 0.12611789]
[0.23940427 0.12549033]
[0.23890758 0.12457926]
[0.23846124 0.12423741]
[0.23798477 0.12347957]
[0.23776444 0.12227869]
[0.23628809 0.12273782]
[0.23550905 0.12212105]
[0.23475458 0.12206279]
[0.23452759 0.12196947]
[0.23316324 0.12143466]
[0.23266085 0.12121164]
[0.23193314 0.12116685]
[0.23120656 0.12100365]
[0.23165495 0.11954899]
[0.23093014 0.11920714]
[0.23056919 0.11886469]
[0.23062665 0.11784756]
[0.23015231 0.11778009]
[0.22984776 0.11771925]
[0.22932247 0.11739914]
[0.22840296 0.11763482]
[0.22689698 0.11794577]
[0.2250603  0.11881048]
[0.22428361 0.1191379 ]
[0.22370354 0.11899684]
[0.22228578 0.11884287]
[0.22226024 0.1183395 ]
[0.22150848 0.11850625]
[0.22106063 0.11838732]
[0.22030918 0.11849392]
[0.21980736 0.11836159]
[0.21844425 0.11828807]
[0.21808035 0.11872411]
[0.21665872 0.1193134 ]
[0.2159079  0.11878945]
[0.21557168 0.11893668]
[0.21571281 0.11825205]
[0.21690981 0.11660739]
[0.21666203 0.11655022]
[0.21749971 0.11562206]
[0.21722262 0.11569814]
[0.2170294  0.11503451]
[0.21533117 0.11591057]
[0.21521828 0.11566551]
[0.2151636  0.11564905]
[0.21608286 0.11363495]
[0.21544248 0.1136313 ]
[0.21469395 0.11405278]
[0.21413674 0.11407539]
[0.21397198 0.11366266]
[0.21436396 0.11274324]
[0.21352805 0.11291514]
[0.21302596 0.11276997]
[0.21302762 0.11246727]
[0.21277805 0.11150828]
[0.21325101 0.11054467]
[0.21289043 0.11022242]
[0.21169197 0.11055852]
[0.21275493 0.1085824 ]
[0.21303401 0.10776811]
[0.21317438 0.10683993]
[0.21242109 0.10706841]
[0.21175371 0.10678111]



Individual 110
Population size: 300
Generations: 150
Seed: 29
Max features: 40
Crossover probability: 0.9
Mutation probability: 1.0
Pool proportion (to population size): 0.5
Mean fitness values of each generation
[0.73767567 0.48278148]
[0.67492931 0.43921587]
[0.63652397 0.41112963]
[0.60157971 0.38948995]
[0.57209455 0.37519206]
[0.54722483 0.36113757]
[0.52972991 0.35220741]
[0.51174499 0.3424582 ]
[0.49369835 0.33134339]
[0.47699091 0.32103598]
[0.46421103 0.31229365]
[0.44968046 0.30357143]
[0.43774297 0.29422381]
[0.42812643 0.28544286]
[0.41431373 0.27657566]
[0.39899609 0.2694127 ]
[0.38750174 0.26122381]
[0.37787943 0.25393598]
[0.37023779 0.24729788]
[0.3609168 0.2417   ]
[0.35248533 0.23656296]
[0.34578887 0.23179101]
[0.33635631 0.2285836 ]
[0.33108136 0.22332222]
[0.32455138 0.21919788]
[0.31614609 0.21739524]
[0.31114728 0.21426296]
[0.30745781 0.21135397]
[0.30262615 0.20911534]
[0.29899816 0.20725291]
[0.29584619 0.20351429]
[0.29171322 0.20142646]
[0.28691125 0.19921217]
[0.28540597 0.19569365]
[0.28143981 0.19187778]
[0.27699877 0.18950794]
[0.27590984 0.18638624]
[0.27244427 0.18362116]
[0.269149   0.18082593]
[0.26590578 0.17906561]
[0.26280544 0.17676032]
[0.26350433 0.17353333]
[0.26043329 0.17147196]
[0.25540719 0.17123386]
[0.25314375 0.17088466]
[0.25163746 0.16978519]
[0.2512473  0.16761481]
[0.25082688 0.1658672 ]
[0.24968062 0.16527249]
[0.24792039 0.16372593]
[0.24613166 0.16366296]
[0.2454052  0.16187778]
[0.24571155 0.15952011]
[0.24523666 0.15833439]
[0.24532063 0.15700106]
[0.24520923 0.15590265]
[0.24579627 0.15363492]
[0.24604721 0.15189841]
[0.24498456 0.15095026]
[0.24364328 0.15058889]
[0.24330898 0.1498545 ]
[0.24012282 0.15053862]
[0.23928456 0.15030106]
[0.23886649 0.14939683]
[0.23665922 0.14966032]
[0.23685432 0.14833333]
[0.2365167  0.14793651]
[0.23539938 0.14757354]
[0.23517528 0.14665661]
[0.23307857 0.14706402]
[0.23265881 0.14641534]
[0.23310633 0.14489577]
[0.23321799 0.14404497]
[0.23268791 0.14387884]
[0.23210163 0.14319577]
[0.23140239 0.14139365]
[0.23022932 0.14120635]
[0.22944857 0.14046772]
[0.22900143 0.1399963 ]
[0.22821855 0.13958095]
[0.22774322 0.13873598]
[0.22665359 0.1387291 ]
[0.22620549 0.13784127]
[0.22547859 0.13765079]
[0.22374599 0.13759947]
[0.22251646 0.13784497]
[0.22201316 0.13676984]
[0.22047586 0.13702116]
[0.22064352 0.13461164]
[0.21938626 0.13419577]
[0.21852048 0.13350106]
[0.21810226 0.13176243]
[0.21715226 0.13050317]
[0.21608944 0.13087831]
[0.21494395 0.13089312]
[0.21427296 0.12959524]
[0.21217797 0.12968571]
[0.21047415 0.12954233]
[0.20857427 0.12962169]
[0.20706496 0.13003069]
[0.20667339 0.12940423]
[0.20686916 0.12869312]
[0.20536059 0.12845344]
[0.20491324 0.12800265]
[0.20424275 0.12740265]
[0.20326465 0.12717619]
[0.20290061 0.12666561]
[0.20242564 0.1265709 ]
[0.20175571 0.12625397]
[0.20097325 0.12642381]
[0.20105685 0.12563439]
[0.20083319 0.12507249]
[0.20049765 0.1249709 ]
[0.1992403 0.1250836]
[0.19907257 0.12448519]
[0.1991283  0.12392063]
[0.19826205 0.12388519]
[0.19806628 0.12317037]
[0.19812184 0.12260952]
[0.19775862 0.12246296]
[0.19773064 0.12205132]
[0.19770284 0.12171799]
[0.1981499  0.12089259]
[0.19806589 0.1205    ]
[0.19753478 0.12046508]
[0.19717094 0.12009365]
[0.1967242  0.11992275]
[0.19647248 0.11992328]
[0.19560639 0.12007196]
[0.19532712 0.11979577]
[0.19541078 0.11940212]
[0.19499196 0.11923862]
[0.19451745 0.11921905]
[0.19448965 0.1189746 ]
[0.19420979 0.11856455]
[0.19407011 0.1183619 ]
[0.19373475 0.11826772]
[0.19353916 0.11798466]
[0.19339974 0.11766561]
[0.19292423 0.11762116]
[0.19275571 0.11774497]
[0.19253235 0.1174254 ]
[0.19236456 0.11740476]
[0.19183371 0.1174455 ]
[0.19138626 0.1176545 ]
[0.19135843 0.11766984]
[0.19149794 0.11740476]
[0.19124688 0.11729312]
[0.19147043 0.11667143]
[0.19085576 0.11670794]
[0.19088378 0.11646455]



