Fitness metrics: KappaLoss, CrossValidationLoss

Individual 104
Population size: 300
Generations: 150
Seed: 29
Max features: 30
Crossover probability: 0.9
Mutation probability: 1.0
Pool proportion (to population size): 0.5
Mean fitness values of each generation
[0.84308133 0.52315071]
[0.76322636 0.46878825]
[0.6961467 0.430014 ]
[0.63905687 0.39888809]
[0.58532303 0.37029941]
[0.5484902  0.34742992]
[0.51282043 0.32832224]
[0.47757958 0.30815976]
[0.44616262 0.28913821]
[0.41752423 0.27413721]
[0.39609672 0.26206175]
[0.37423068 0.24569131]
[0.35042297 0.23391158]
[0.32855209 0.22607066]
[0.31039678 0.21979185]
[0.29273359 0.21202461]
[0.27703222 0.2028187 ]
[0.26401472 0.1961994 ]
[0.25013495 0.18967068]
[0.24066845 0.18309356]
[0.23107903 0.17979532]
[0.22339379 0.175026  ]
[0.21837849 0.17080869]
[0.21051098 0.16814326]
[0.2062097  0.16532268]
[0.20407366 0.16001873]
[0.19905394 0.15586266]
[0.19633653 0.15215036]
[0.19336933 0.14959783]
[0.18746166 0.14902156]
[0.18260843 0.14819991]
[0.17966577 0.14615012]
[0.1779131  0.14425297]
[0.17665825 0.14087106]
[0.17273647 0.13994271]
[0.17046551 0.1385096 ]
[0.16836091 0.137862  ]
[0.16641728 0.13629826]
[0.16356605 0.13585431]
[0.16192998 0.13414271]
[0.16006025 0.13301932]
[0.15936274 0.13250878]
[0.15818632 0.13153657]
[0.1567861  0.13130809]
[0.15619522 0.13024796]
[0.15555205 0.12836006]
[0.15384601 0.12798754]
[0.15201709 0.12799133]
[0.15118695 0.12755202]
[0.15101778 0.1258888 ]
[0.14950697 0.12613807]
[0.14768841 0.12553376]
[0.14718349 0.12502468]
[0.14650575 0.12466742]
[0.14348215 0.12519657]
[0.14272915 0.1242452 ]
[0.14158198 0.12427722]
[0.14034888 0.12448068]
[0.13864272 0.12446548]
[0.13719629 0.12433632]
[0.13745103 0.12258916]
[0.13543715 0.12255371]
[0.13509686 0.12133569]
[0.13411227 0.12119661]
[0.13438713 0.12023594]
[0.13401688 0.11974682]
[0.13351373 0.11970869]
[0.13415479 0.11861639]
[0.13325896 0.11858443]
[0.132894   0.11851347]
[0.13221842 0.11834359]
[0.13121245 0.11827252]
[0.1304249  0.11786845]
[0.1295842  0.11716232]
[0.12919624 0.11581993]
[0.12916845 0.1152043 ]
[0.12911075 0.11486657]
[0.12913668 0.11413356]
[0.12896721 0.11313592]
[0.128183   0.11290821]
[0.12770523 0.11233681]
[0.12706009 0.11186591]
[0.12734057 0.11097493]
[0.12636388 0.11068663]
[0.12594425 0.11022897]
[0.12594199 0.10932901]
[0.12473871 0.10968167]
[0.12468745 0.10920795]
[0.12384995 0.10925789]
[0.1241027  0.10890686]
[0.12457819 0.10794219]
[0.1247184  0.10701207]
[0.12371152 0.1073029 ]
[0.12180778 0.10794364]
[0.12124886 0.10750878]
[0.12091478 0.10752371]
[0.12069013 0.10740834]
[0.1205506  0.10683383]
[0.11968341 0.10678692]
[0.11842576 0.10696252]
[0.11817581 0.10667586]
[0.11806662 0.10641037]
[0.11823423 0.10602281]
[0.11831748 0.10544789]
[0.11865588 0.10479102]
[0.11885237 0.10351374]
[0.11851591 0.10310652]
[0.1181532 0.1030268]
[0.11820904 0.10267169]
[0.11725713 0.10267322]
[0.11658927 0.10242771]
[0.11681448 0.10145433]
[0.11681646 0.10102964]
[0.11709614 0.10044752]
[0.1177953  0.09996163]
[0.1178803  0.09977698]
[0.11791025 0.09964417]
[0.11723934 0.09962565]
[0.11690428 0.09934926]
[0.1157568  0.09936466]
[0.1165684  0.09878716]
[0.11670848 0.09867131]
[0.11712906 0.09844339]
[0.11684905 0.09855355]
[0.11609467 0.09863386]
[0.11528431 0.09872036]
[0.1150905  0.09860613]
[0.11410894 0.09869984]
[0.11430414 0.09819385]
[0.11449941 0.09789171]
[0.1140801 0.0979283]
[0.11397058 0.09787227]
[0.11436193 0.09748315]
[0.11438919 0.09734829]
[0.1140249  0.09734462]
[0.1137736  0.09741872]
[0.11374659 0.09758717]
[0.11324492 0.09761856]
[0.11316103 0.09746877]
[0.11268499 0.09754763]
[0.11274146 0.09736236]
[0.11293814 0.09715443]
[0.11257475 0.09719664]
[0.11212619 0.09729126]
[0.11237862 0.09705194]
[0.1122383 0.0969433]
[0.11248781 0.09661579]
[0.11178712 0.09659515]
[0.112208   0.09625694]
[0.11117042 0.09616841]
[0.11128175 0.09615348]



Individual 107
Population size: 300
Generations: 150
Seed: 29
Max features: 30
Crossover probability: 0.9
Mutation probability: 1.0
Pool proportion (to population size): 0.5
Mean fitness values of each generation
[0.77334215 0.51185581]
[0.70331693 0.46475445]
[0.67073236 0.44285348]
[0.64318127 0.42305006]
[0.61755129 0.40675471]
[0.59191938 0.39157782]
[0.57304112 0.37592976]
[0.5535908  0.36118194]
[0.53245705 0.34933298]
[0.516651   0.33400215]
[0.49982828 0.31859248]
[0.48565163 0.30789272]
[0.47287748 0.29814181]
[0.46081825 0.28838958]
[0.45277656 0.2795478 ]
[0.44334899 0.27139715]
[0.43598748 0.26616528]
[0.42939137 0.26026977]
[0.42025497 0.25422084]
[0.41106083 0.24979781]
[0.40781279 0.24430857]
[0.40049607 0.23790888]
[0.39108408 0.23561291]
[0.38754438 0.23042061]
[0.38137122 0.22571532]
[0.37435524 0.22269642]
[0.37144225 0.21920083]
[0.36468449 0.21610496]
[0.35929547 0.2143402 ]
[0.35515697 0.21280888]
[0.35397075 0.20930596]
[0.35235136 0.20617273]
[0.34738249 0.20519508]
[0.34581034 0.20189923]
[0.34675204 0.1987261 ]
[0.34668128 0.19489565]
[0.34166721 0.1948144 ]
[0.33752607 0.19368965]
[0.33679297 0.19050356]
[0.33658347 0.18870127]
[0.3337824  0.18706178]
[0.33219033 0.18586745]
[0.32559753 0.18495571]
[0.32158166 0.18324241]
[0.31971811 0.18159053]
[0.31848694 0.17938734]
[0.31729796 0.17811675]
[0.31332331 0.1775582 ]
[0.3102888  0.17598151]
[0.30602441 0.17596093]
[0.30571965 0.17321526]
[0.30482504 0.17233745]
[0.30334748 0.17162058]
[0.30255879 0.1702808 ]
[0.29960281 0.16992009]
[0.297138  0.1690121]
[0.29676455 0.16803037]
[0.29542156 0.16778228]
[0.29374542 0.16707858]
[0.29195024 0.16613446]
[0.2902539  0.16533914]
[0.29094069 0.16410824]
[0.29082784 0.16251757]
[0.28918101 0.161575  ]
[0.28640306 0.16124861]
[0.28509266 0.16030825]
[0.28569789 0.15874484]
[0.2842749  0.15700094]
[0.28360642 0.15519984]
[0.28290806 0.15417854]
[0.2804206  0.15418935]
[0.27958459 0.15363501]
[0.27914034 0.15340541]
[0.27925138 0.15248913]
[0.2778285  0.15258907]
[0.27676815 0.15202881]
[0.27604576 0.15156617]
[0.27529686 0.15032417]
[0.27515684 0.14895495]
[0.2761024 0.1479675]
[0.27654587 0.14739424]
[0.27616225 0.14655638]
[0.2757734  0.14621813]
[0.27604798 0.14539145]
[0.27517984 0.1451851 ]
[0.27471182 0.14454776]
[0.27405041 0.14399853]
[0.27346736 0.14347502]
[0.27266246 0.14336797]
[0.27154923 0.14381732]
[0.26995275 0.14402217]
[0.27065092 0.14320325]
[0.26962113 0.14319648]
[0.26878407 0.14270183]
[0.266812   0.14275447]
[0.26731251 0.14167273]
[0.26639832 0.14112913]
[0.26714987 0.14088966]
[0.26781755 0.13985024]
[0.26575136 0.13979733]
[0.26597746 0.13810539]
[0.26783468 0.13724211]
[0.26813827 0.13702234]
[0.26760802 0.13683914]
[0.26763499 0.13618077]
[0.26688327 0.13579168]
[0.26741054 0.1355467 ]
[0.26651831 0.13521629]
[0.2660175  0.13482152]
[0.26618143 0.13422327]
[0.2671265  0.13307119]
[0.26723793 0.13297227]
[0.26660333 0.13236185]
[0.26637868 0.13217688]
[0.26705156 0.13113754]
[0.265828   0.13093225]
[0.26604883 0.13016365]
[0.26632595 0.12919331]
[0.26657411 0.12876701]
[0.26621473 0.12853483]
[0.26615664 0.12815803]
[0.26557372 0.12850243]
[0.26426224 0.12834283]
[0.26507285 0.12776426]
[0.26570995 0.12739974]
[0.26286729 0.12836539]
[0.26050097 0.128872  ]
[0.26267002 0.12707696]
[0.26381634 0.12632029]
[0.26362779 0.12603619]
[0.26337421 0.12613505]
[0.26203492 0.12605008]
[0.26184097 0.1258967 ]
[0.26055211 0.12602121]
[0.2610561  0.12582764]
[0.26178144 0.12500146]
[0.26265049 0.12423707]
[0.26284401 0.12384067]
[0.26273257 0.12339432]
[0.26220304 0.12359093]
[0.26312398 0.12267472]
[0.26215191 0.12265461]
[0.26175927 0.122631  ]
[0.26184613 0.12241586]
[0.26264626 0.12167548]
[0.26269568 0.1212184 ]
[0.26344681 0.12064028]
[0.26397888 0.12026401]
[0.26467315 0.11994593]
[0.26411804 0.11979141]
[0.26325104 0.11973941]



Individual 110
Population size: 300
Generations: 150
Seed: 29
Max features: 30
Crossover probability: 0.9
Mutation probability: 1.0
Pool proportion (to population size): 0.5
Mean fitness values of each generation
[0.76172571 0.49771323]
[0.69448152 0.4530672 ]
[0.65727456 0.42957354]
[0.62140448 0.40683069]
[0.58717814 0.39066085]
[0.55857452 0.37678995]
[0.53713238 0.3651418 ]
[0.5150454  0.35326138]
[0.49806297 0.34079153]
[0.48082841 0.3322836 ]
[0.46312064 0.31924444]
[0.45087739 0.30981587]
[0.43774181 0.29944021]
[0.41982973 0.2912127 ]
[0.40850041 0.28172116]
[0.40077355 0.27241587]
[0.39189515 0.26676508]
[0.38324475 0.26088571]
[0.37596464 0.25787302]
[0.36809682 0.25223122]
[0.36170573 0.24789947]
[0.35907993 0.24336085]
[0.35257792 0.24010053]
[0.34696535 0.23524921]
[0.33862159 0.23038942]
[0.330193   0.22852116]
[0.32446866 0.2224873 ]
[0.3208676  0.21723757]
[0.31757326 0.21333492]
[0.31388382 0.20913386]
[0.30785439 0.20556032]
[0.30428117 0.20247937]
[0.30171303 0.20139101]
[0.29875313 0.19785079]
[0.29386504 0.19491799]
[0.29308256 0.19134656]
[0.28956468 0.18968624]
[0.2880022  0.18728783]
[0.28618555 0.18499206]
[0.27942829 0.18422593]
[0.27700184 0.18121587]
[0.27451586 0.18047778]
[0.2723936  0.17897407]
[0.26957442 0.17717037]
[0.26884779 0.17543069]
[0.26859593 0.1735037 ]
[0.26742227 0.17232011]
[0.26435132 0.17089788]
[0.26284616 0.16966296]
[0.26175727 0.16861534]
[0.2606414  0.16769206]
[0.25729087 0.16661958]
[0.25734571 0.16535926]
[0.25628417 0.16510106]
[0.25597836 0.16371058]
[0.25522501 0.16241111]
[0.25405133 0.16154974]
[0.25017078 0.16109048]
[0.24972404 0.16005767]
[0.25061725 0.15912275]
[0.24944624 0.15870529]
[0.2487762 0.1580418]
[0.24833053 0.15674392]
[0.24662714 0.1567746 ]
[0.24654375 0.15594074]
[0.24592919 0.15534603]
[0.24497928 0.15475026]
[0.24302385 0.15455344]
[0.24190657 0.15409471]
[0.23998037 0.15375185]
[0.23830401 0.15335079]
[0.23863885 0.15222434]
[0.23821931 0.15151852]
[0.23774525 0.15074021]
[0.23662795 0.15025344]
[0.23646044 0.14930899]
[0.23567909 0.14869206]
[0.23548294 0.14800265]
[0.23355512 0.14805556]
[0.23204713 0.14806667]
[0.23051038 0.14800635]
[0.22866819 0.14761164]
[0.22565152 0.14756825]
[0.22425453 0.14770847]
[0.22126589 0.14817037]
[0.22051152 0.1474619 ]
[0.22034399 0.14614021]
[0.21925435 0.14597196]
[0.21897481 0.14508995]
[0.21735438 0.1452127 ]
[0.21643325 0.14513386]
[0.21419903 0.14579947]
[0.21375291 0.14517407]
[0.21238462 0.14513757]
[0.21157547 0.14378942]
[0.21054179 0.14391481]
[0.20925708 0.14385185]
[0.20945243 0.14341905]
[0.20867028 0.14321005]
[0.20830723 0.14252857]
[0.207246   0.14246296]
[0.20626787 0.14181799]
[0.20559767 0.14119735]
[0.20526202 0.14093757]
[0.20484311 0.13994709]
[0.20453606 0.1396254 ]
[0.20425646 0.13921323]
[0.20411671 0.13882593]
[0.20322354 0.13866349]
[0.20313985 0.13826561]
[0.20230115 0.13820952]
[0.20132302 0.13842434]
[0.20123902 0.13780476]
[0.20042848 0.13736825]
[0.19967463 0.13729418]
[0.19914365 0.13731217]
[0.19808191 0.13729471]
[0.19788571 0.13700847]
[0.19830398 0.13638942]
[0.19782895 0.13638201]
[0.19746585 0.13615556]
[0.19651648 0.1360254 ]
[0.19592947 0.13555979]
[0.19671184 0.13363016]
[0.19665536 0.13326772]
[0.19525828 0.13350635]
[0.19475531 0.13313069]
[0.19400112 0.13317989]
[0.19377765 0.13271164]
[0.19243681 0.1330418 ]
[0.19204537 0.13263016]
[0.1907605  0.13292857]
[0.19067649 0.13270952]
[0.19020154 0.13228995]
[0.18981061 0.13206296]
[0.18967105 0.13153386]
[0.1895592 0.1313127]
[0.18995028 0.13039735]
[0.19117905 0.12891905]
[0.19126293 0.12788889]
[0.19008979 0.12758201]
[0.18992214 0.12713175]
[0.19020135 0.12662698]
[0.19022897 0.12615556]
[0.19031275 0.1258127 ]
[0.19008917 0.12560794]
[0.18939087 0.12545979]
[0.18885976 0.1254836 ]
[0.18885972 0.12523651]
[0.18860875 0.12499206]
[0.18894407 0.12454392]



