Fitness metrics: KappaLoss, CrossValidationLoss

Individual 104
Population size: 500
Generations: 100
Seed: 29
Max features: 40
Crossover probability: 0.9
Mutation probability: 0.8
Pool proportion (to population size): 0.5
Mean fitness values of each generation
[0.81344774 0.49859508]
[0.73037663 0.44707826]
[0.67335396 0.41178075]
[0.62947425 0.38591153]
[0.58986068 0.36146204]
[0.54797041 0.33539375]
[0.50634829 0.3180864 ]
[0.4761779  0.30212711]
[0.44143142 0.28441052]
[0.41582873 0.26673607]
[0.39296065 0.25552309]
[0.37281163 0.24415667]
[0.35328582 0.2325184 ]
[0.3329396  0.22094439]
[0.31682288 0.21279735]
[0.30046391 0.20641314]
[0.29030606 0.1989895 ]
[0.28163788 0.19341315]
[0.26904666 0.18729984]
[0.26231331 0.18147495]
[0.25524448 0.17675652]
[0.24267011 0.17119187]
[0.23317068 0.16667975]
[0.22571562 0.16147794]
[0.2207316 0.158079 ]
[0.2136908  0.15453527]
[0.21021351 0.15020475]
[0.20864264 0.14727092]
[0.20471302 0.14405713]
[0.20137826 0.14154289]
[0.19695563 0.1404884 ]
[0.19358437 0.13821896]
[0.18999602 0.13708625]
[0.18569031 0.13586462]
[0.18400634 0.13384789]
[0.18106325 0.13190123]
[0.17804066 0.13002118]
[0.17619202 0.12748216]
[0.17351719 0.12525931]
[0.17087049 0.12399855]
[0.16834191 0.12232351]
[0.16523679 0.12179133]
[0.16442141 0.11889544]
[0.16275341 0.11783628]
[0.1604293  0.11669175]
[0.1575167  0.11541875]
[0.15377712 0.11620497]
[0.15376551 0.11336333]
[0.15297067 0.11265888]
[0.15159409 0.11114889]
[0.14876691 0.11077302]
[0.14872055 0.10896741]
[0.14641016 0.10939274]
[0.14555392 0.10796101]
[0.14488701 0.10707827]
[0.14384135 0.10599632]
[0.14160322 0.10675136]
[0.14032155 0.10535477]
[0.13869211 0.10482506]
[0.13767923 0.10435246]
[0.13567167 0.10452057]
[0.13570768 0.10300304]
[0.13382098 0.10326055]
[0.13181472 0.10314621]
[0.13162885 0.10236066]
[0.13042931 0.1017741 ]
[0.12827381 0.10251316]
[0.12780114 0.10187491]
[0.12745866 0.10059342]
[0.12635687 0.10057707]
[0.12477504 0.10064739]
[0.1238997  0.10054945]
[0.12295549 0.1003039 ]
[0.1224132  0.09966426]
[0.12209562 0.09840983]
[0.12152421 0.09815404]
[0.12057838 0.09794277]
[0.12034174 0.0969811 ]
[0.11978063 0.09624047]
[0.11865362 0.0961549 ]
[0.11881904 0.09496308]
[0.11778547 0.09499765]
[0.11691153 0.09483175]
[0.11608692 0.09494758]
[0.1148938  0.09478582]
[0.11411824 0.09461449]
[0.11349726 0.09419665]
[0.113344   0.09384259]
[0.11241802 0.09394254]
[0.11233426 0.09322656]
[0.11157879 0.09352757]
[0.11107145 0.09361434]
[0.11108956 0.09321683]
[0.11043296 0.09339622]
[0.10953559 0.09306762]
[0.10810823 0.09361557]
[0.10807567 0.09275066]
[0.10795798 0.0923214 ]
[0.10708167 0.09226753]
[0.10629209 0.0920739 ]
[0.10536752 0.09210266]



Individual 107
Population size: 500
Generations: 100
Seed: 29
Max features: 40
Crossover probability: 0.9
Mutation probability: 0.8
Pool proportion (to population size): 0.5
Mean fitness values of each generation
[0.74318373 0.49294891]
[0.68169901 0.4499625 ]
[0.64824016 0.42875854]
[0.62345413 0.41060492]
[0.59880032 0.39427653]
[0.57624446 0.38039027]
[0.55441936 0.36391792]
[0.53752791 0.34694827]
[0.5185434  0.33082426]
[0.49877434 0.31709906]
[0.47839969 0.30606179]
[0.46423518 0.29556108]
[0.45093643 0.2845949 ]
[0.43910479 0.27368091]
[0.42704197 0.26614162]
[0.41714882 0.25776335]
[0.40658641 0.24786676]
[0.39655074 0.23861107]
[0.38711144 0.23042559]
[0.37948282 0.22473839]
[0.37114002 0.21755901]
[0.36408322 0.21240065]
[0.35893596 0.20722339]
[0.35254394 0.20358287]
[0.34670693 0.19921619]
[0.34012633 0.19514025]
[0.33247124 0.19256464]
[0.32805605 0.18869382]
[0.3238115  0.18540094]
[0.31957948 0.18325483]
[0.31700415 0.17951852]
[0.31305764 0.17665952]
[0.30771137 0.17477682]
[0.30399859 0.17304273]
[0.30133246 0.17107664]
[0.29974852 0.1693926 ]
[0.2964989  0.16763466]
[0.29164583 0.16640511]
[0.28908897 0.16495257]
[0.2873266  0.16340704]
[0.28337311 0.16169152]
[0.28028046 0.15955709]
[0.27768536 0.1569679 ]
[0.27489176 0.1555368 ]
[0.27098877 0.15437502]
[0.26872075 0.15242026]
[0.26658693 0.1499532 ]
[0.26408557 0.1484968 ]
[0.26273315 0.14544122]
[0.25933731 0.14500251]
[0.25641278 0.14374486]
[0.25614519 0.14052233]
[0.25458867 0.13892426]
[0.25252498 0.13850692]
[0.25258937 0.1360205 ]
[0.25043669 0.13528235]
[0.24913812 0.13405155]
[0.24738184 0.13312721]
[0.245592   0.13220563]
[0.24460885 0.13115181]
[0.24257255 0.13084889]
[0.24127091 0.13034902]
[0.24135469 0.12892864]
[0.23982004 0.12845519]
[0.23986954 0.12735537]
[0.23866472 0.12697853]
[0.23744719 0.1270243 ]
[0.23615524 0.1266793 ]
[0.23461804 0.12702737]
[0.23265965 0.12738701]
[0.23287981 0.12592499]
[0.23204115 0.1251724 ]
[0.2314873  0.12489441]
[0.23070371 0.12491232]
[0.23061616 0.12342021]
[0.22966241 0.12240527]
[0.22818785 0.12273357]
[0.22693487 0.12255516]
[0.22594572 0.12239732]
[0.22413742 0.12246695]
[0.22301709 0.12212349]
[0.22223314 0.12195113]
[0.22158182 0.1218523 ]
[0.22032526 0.12219654]
[0.22012658 0.12156392]
[0.21970773 0.12107932]
[0.21927305 0.1209014 ]
[0.21902526 0.12041867]
[0.21813811 0.12002781]
[0.21757282 0.12006116]
[0.21715774 0.11950206]
[0.21632229 0.11957372]
[0.21605686 0.1182654 ]
[0.21518774 0.11830676]
[0.21468455 0.11773852]
[0.21299355 0.11797857]
[0.2137807  0.11645087]
[0.2142177 0.1153392]
[0.21456831 0.11455311]
[0.21363212 0.11449196]
[0.21231207 0.11458117]



Individual 110
Population size: 500
Generations: 100
Seed: 29
Max features: 40
Crossover probability: 0.9
Mutation probability: 0.8
Pool proportion (to population size): 0.5
Mean fitness values of each generation
[0.73996652 0.47847587]
[0.68031793 0.43517937]
[0.64099552 0.41347429]
[0.61356416 0.39514984]
[0.58769904 0.37980222]
[0.56264992 0.36287175]
[0.54346303 0.34845397]
[0.52446422 0.3340019 ]
[0.50185291 0.3227619 ]
[0.47880785 0.31154825]
[0.45978667 0.30265397]
[0.4397309  0.29257143]
[0.42056387 0.28551079]
[0.40498273 0.27779778]
[0.39183783 0.27034952]
[0.37877686 0.26464635]
[0.36804429 0.25741873]
[0.35848639 0.25077714]
[0.35215521 0.24406635]
[0.34477213 0.23950476]
[0.34023739 0.23141206]
[0.33176455 0.22732   ]
[0.32669403 0.22123079]
[0.32021451 0.21572   ]
[0.31398704 0.21156317]
[0.30908216 0.20751143]
[0.30382705 0.20295841]
[0.29833545 0.19951492]
[0.29243904 0.19622698]
[0.28909262 0.19220032]
[0.2832963  0.18977143]
[0.2791141  0.18677143]
[0.27350106 0.1847381 ]
[0.26861074 0.18291873]
[0.26448991 0.18113714]
[0.26095749 0.17814349]
[0.25586495 0.17647333]
[0.25283389 0.17374381]
[0.24888057 0.17211619]
[0.24469304 0.17002825]
[0.24187769 0.16801397]
[0.23849274 0.16719619]
[0.23681795 0.16570413]
[0.23304868 0.16479333]
[0.22924548 0.16265841]
[0.22711765 0.16089556]
[0.22386718 0.15946254]
[0.22175664 0.15860317]
[0.21909182 0.15742825]
[0.2180698  0.15663683]
[0.21730021 0.1551873 ]
[0.21577539 0.15417365]
[0.21389826 0.15265778]
[0.21123283 0.1522981 ]
[0.20938919 0.15145841]
[0.20853479 0.15037714]
[0.20774781 0.14885397]
[0.20766439 0.14755746]
[0.20652413 0.14687333]
[0.20521652 0.14586254]
[0.20476501 0.14450127]
[0.20266911 0.14428984]
[0.20105965 0.14400984]
[0.20054009 0.14275937]
[0.20038917 0.14180127]
[0.1991494  0.14133937]
[0.19814328 0.14111651]
[0.19752281 0.14047238]
[0.19653399 0.14050952]
[0.1961818  0.14002571]
[0.19509185 0.14015524]
[0.19452193 0.13947746]
[0.19344927 0.13946857]
[0.19239376 0.13964571]
[0.19279583 0.13845714]
[0.19235992 0.13796063]
[0.19095245 0.13787905]
[0.19086851 0.13733619]
[0.18987933 0.13739429]
[0.18853838 0.13768825]
[0.18823701 0.13712381]
[0.18739858 0.13691302]
[0.18672802 0.13691048]
[0.18599046 0.13691397]
[0.18557143 0.13669206]
[0.18538713 0.13584444]
[0.18498513 0.13539905]
[0.18424746 0.1356946 ]
[0.18448266 0.13390159]
[0.1842989  0.13284952]
[0.18382987 0.13257587]
[0.18349468 0.13209556]
[0.18309249 0.13155111]
[0.18217016 0.13158254]
[0.18153377 0.13093175]
[0.18104771 0.13057079]
[0.18036049 0.13024254]
[0.17995773 0.12983397]
[0.17922051 0.12977651]
[0.17873455 0.12930381]
[0.17799704 0.12939429]



