Fitness metrics: KappaLoss, CrossValidationLoss

Individual 104
Population size: 1000
Generations: 250
Seed: 29
Max features: 50
Crossover probability: 1.0
Mutation probability: 1.0
Pool proportion (to population size): 0.5
Mean fitness values of each generation
[0.74823763 0.4628024 ]
[0.66182564 0.40779384]
[0.61111057 0.37733601]
[0.56440566 0.34948915]
[0.51968949 0.32504119]
[0.48483545 0.30430556]
[0.44994223 0.28668229]
[0.42072202 0.27249186]
[0.39577789 0.25902587]
[0.37057481 0.24591777]
[0.35106834 0.23484093]
[0.33200875 0.2258038 ]
[0.31626267 0.21744211]
[0.30192478 0.20960243]
[0.28960016 0.20230952]
[0.27777551 0.19486879]
[0.27077295 0.18749732]
[0.26131008 0.18205891]
[0.25273499 0.17803639]
[0.24513323 0.17406758]
[0.23793491 0.17075205]
[0.23348039 0.16615326]
[0.2275038  0.16328892]
[0.2212247  0.16075006]
[0.21560956 0.15887579]
[0.21040765 0.15732   ]
[0.20707246 0.15432751]
[0.20380736 0.15168178]
[0.20099126 0.15001084]
[0.19687853 0.14874971]
[0.19459987 0.14623324]
[0.19170882 0.14416969]
[0.18924984 0.14292979]
[0.18804188 0.14076639]
[0.18596085 0.13966873]
[0.18463513 0.13728834]
[0.18121548 0.13626402]
[0.17995432 0.13475535]
[0.17862361 0.13321027]
[0.17718843 0.13164418]
[0.17483167 0.13090556]
[0.17361923 0.12930039]
[0.17220854 0.12767278]
[0.17076203 0.12655085]
[0.16872962 0.12529232]
[0.16660111 0.12365622]
[0.16518384 0.12242545]
[0.16277587 0.12169835]
[0.16060321 0.12106524]
[0.15931055 0.11981705]
[0.15813364 0.11878711]
[0.15591337 0.11816392]
[0.15484356 0.11721693]
[0.15307637 0.1166506 ]
[0.15204637 0.11545886]
[0.15028336 0.11457639]
[0.14960037 0.11360558]
[0.14898349 0.1116127 ]
[0.14710914 0.11161779]
[0.14522779 0.1107805 ]
[0.14349297 0.10988154]
[0.14276524 0.10840757]
[0.14091947 0.10756889]
[0.13949691 0.10665478]
[0.13767561 0.10606753]
[0.13681961 0.10467063]
[0.13596095 0.10389551]
[0.13349748 0.10341963]
[0.13232772 0.10295886]
[0.13082781 0.10230197]
[0.12989381 0.10122924]
[0.12780398 0.10112032]
[0.12715898 0.09921958]
[0.12595588 0.09845609]
[0.12433048 0.09805435]
[0.12418881 0.09623644]
[0.12277265 0.09546609]
[0.12186699 0.0946505 ]
[0.12060234 0.09412997]
[0.11969109 0.09340511]
[0.11972263 0.09197159]
[0.1183648  0.09126737]
[0.1171269  0.09079355]
[0.11656477 0.0898189 ]
[0.11566528 0.08868364]
[0.11360568 0.0881758 ]
[0.11396121 0.0861139 ]
[0.11226411 0.08586976]
[0.1112823  0.08485879]
[0.11010223 0.0841695 ]
[0.10924876 0.08358792]
[0.10803665 0.08271336]
[0.10746155 0.08154546]
[0.10736646 0.07994159]
[0.10602741 0.07961801]
[0.1053661  0.07911012]
[0.10464757 0.07861788]
[0.10453804 0.07746745]
[0.10404041 0.07656473]
[0.10148948 0.07658787]
[0.10077013 0.07566814]
[0.09969943 0.07524789]
[0.09812762 0.07542391]
[0.09742363 0.07427533]
[0.09699864 0.07332759]
[0.09691406 0.07206074]
[0.09504719 0.0720978 ]
[0.09378505 0.07154548]
[0.09312325 0.07127788]
[0.09263914 0.07079829]
[0.09212216 0.06979647]
[0.09123263 0.0691342 ]
[0.0913511  0.06797506]
[0.09069833 0.06745901]
[0.09053601 0.06673477]
[0.09010395 0.06626108]
[0.09005456 0.06548187]
[0.08986005 0.06446238]
[0.08875887 0.06441422]
[0.08851442 0.06344882]
[0.08744211 0.0631247 ]
[0.08695805 0.06259627]
[0.08536377 0.06231407]
[0.08478058 0.06136302]
[0.08464476 0.06063836]
[0.08430714 0.06027136]
[0.0841039  0.05934791]
[0.0831536  0.05901018]
[0.08201602 0.05874399]
[0.0816852  0.05805205]
[0.08117088 0.05756784]
[0.08066379 0.05713434]
[0.07986228 0.0568068 ]
[0.07961844 0.05624719]
[0.07982865 0.055312  ]
[0.07993834 0.0544963 ]
[0.07998874 0.05389468]
[0.07971685 0.05343273]
[0.07958119 0.05291888]
[0.07947907 0.05217506]
[0.07887007 0.05177897]
[0.07767832 0.05149341]
[0.07757588 0.05103238]
[0.07724487 0.05077573]
[0.07705909 0.05026121]
[0.07672877 0.0499735 ]
[0.07633029 0.0497092 ]
[0.07626299 0.04922281]
[0.07610225 0.04861263]
[0.0759496  0.04801751]
[0.07517087 0.04795731]
[0.07469683 0.04741776]
[0.07468028 0.04676396]
[0.07416308 0.04660258]
[0.073537   0.04636043]
[0.07322301 0.04598675]
[0.07313885 0.04543146]
[0.07294372 0.04507533]
[0.0722921  0.04483772]
[0.07209687 0.04451303]
[0.07184378 0.04415473]
[0.0718015  0.04360089]
[0.07137925 0.04344651]
[0.07110808 0.04299547]
[0.07021908 0.04285044]
[0.06957742 0.04266183]
[0.06886674 0.04269749]
[0.06845341 0.04238892]
[0.06803809 0.0420725 ]
[0.06764138 0.04189052]
[0.06716798 0.04174816]
[0.06682121 0.04148504]
[0.06640581 0.04135937]
[0.06588079 0.0410223 ]
[0.06549206 0.04050672]
[0.06521263 0.04006259]
[0.06516108 0.03960727]
[0.06487356 0.03920303]
[0.06447587 0.03907639]
[0.06425583 0.03880179]
[0.06390081 0.03863393]
[0.06330953 0.03851921]
[0.06301473 0.03804715]
[0.06276175 0.037665  ]
[0.06225471 0.03771565]
[0.06194972 0.03745063]
[0.06145129 0.03729243]
[0.06101126 0.03719479]
[0.06078288 0.03687032]
[0.06007995 0.03705532]
[0.05948831 0.03701907]
[0.0590908  0.03699127]
[0.05882947 0.03662311]
[0.05839833 0.03652721]
[0.05823787 0.03623059]
[0.05787396 0.03617996]
[0.05760296 0.03595432]
[0.05724727 0.03578722]
[0.05687575 0.03559815]
[0.05681576 0.03530884]
[0.0564941  0.03506311]
[0.05621554 0.0347784 ]
[0.05602976 0.03469538]
[0.05569127 0.03463558]
[0.05534508 0.03439391]
[0.0551084  0.03429124]
[0.05511641 0.03408127]
[0.05491311 0.03381883]
[0.05496335 0.03356732]
[0.05489545 0.03329641]
[0.05464244 0.03310997]
[0.05489555 0.03264381]
[0.0547439  0.03237183]
[0.05451564 0.03215368]
[0.05455752 0.03184933]
[0.05419294 0.0320558 ]
[0.05387227 0.03193271]
[0.05361088 0.03183502]
[0.0534674  0.03150703]
[0.05329057 0.03122624]
[0.05303773 0.03104076]
[0.05284334 0.03091749]
[0.05273357 0.03077881]
[0.05260699 0.03069694]
[0.05264045 0.03049274]
[0.05262363 0.03037656]
[0.05214302 0.03063304]
[0.05185634 0.03039137]
[0.05157832 0.03037774]
[0.05120764 0.03034947]
[0.05119072 0.03011317]
[0.05123288 0.02991471]
[0.05123273 0.02975744]
[0.05116523 0.02952705]
[0.05119898 0.02935747]
[0.05120744 0.02919206]
[0.05120744 0.02902326]
[0.05120737 0.02892457]
[0.05116509 0.02874572]
[0.05119049 0.02854788]
[0.05119891 0.02831914]
[0.05122426 0.02812717]
[0.05120738 0.02785945]
[0.05095423 0.02779492]
[0.05097093 0.02776202]
[0.05100438 0.02769745]
[0.05093677 0.02761622]
[0.05090313 0.02755305]
[0.05091153 0.02754471]
[0.05094528 0.0275152 ]
[0.05094518 0.02749589]



Individual 107
Population size: 1000
Generations: 250
Seed: 29
Max features: 50
Crossover probability: 1.0
Mutation probability: 1.0
Pool proportion (to population size): 0.5
Mean fitness values of each generation
[0.67395335 0.45998643]
[0.60424536 0.41269548]
[0.57244326 0.38994439]
[0.54876253 0.37010775]
[0.52497373 0.35365042]
[0.5029821  0.33790939]
[0.48354345 0.32486579]
[0.46653717 0.31193746]
[0.451388  0.2992215]
[0.4389539  0.28677965]
[0.4240795  0.27532785]
[0.41105609 0.26447459]
[0.39764583 0.25335931]
[0.38607412 0.24458459]
[0.37539976 0.23546407]
[0.36742273 0.22591829]
[0.3603285  0.21831454]
[0.35286608 0.21184277]
[0.34650081 0.20611018]
[0.34145722 0.2000528 ]
[0.33521637 0.19544583]
[0.3297724 0.1914467]
[0.32509364 0.18757342]
[0.31955267 0.1842239 ]
[0.31662798 0.17957242]
[0.312477  0.1756239]
[0.30805757 0.17285852]
[0.30521354 0.16843617]
[0.30277244 0.16531335]
[0.29946552 0.1639355 ]
[0.29610843 0.16060445]
[0.29202095 0.15896382]
[0.28858261 0.15685888]
[0.28465515 0.15453614]
[0.28203347 0.15223724]
[0.27866504 0.15016637]
[0.27756148 0.14725788]
[0.27466139 0.14503347]
[0.27124277 0.14429666]
[0.26824823 0.14302997]
[0.26572884 0.14145866]
[0.26340206 0.13923281]
[0.26204164 0.13693817]
[0.25925336 0.1358286 ]
[0.25631594 0.13410056]
[0.25403461 0.13298129]
[0.252336   0.13146236]
[0.24928198 0.13108741]
[0.24823908 0.12950215]
[0.24760294 0.127509  ]
[0.24682483 0.12560662]
[0.24399391 0.12525924]
[0.24258437 0.12459841]
[0.2408723  0.12282962]
[0.24051118 0.12078833]
[0.23904144 0.11928677]
[0.23686391 0.11789316]
[0.23609436 0.1164919 ]
[0.23559772 0.11439191]
[0.23308654 0.11370907]
[0.23145491 0.11225026]
[0.23072622 0.11112824]
[0.22975045 0.11044868]
[0.2282477  0.11001132]
[0.22767818 0.10854305]
[0.22658577 0.10780237]
[0.22533536 0.10629994]
[0.22474862 0.10496836]
[0.22325995 0.10411455]
[0.22158734 0.10355313]
[0.22052266 0.10255893]
[0.21921388 0.10142416]
[0.21793821 0.10061601]
[0.21753596 0.09914702]
[0.21674637 0.09797541]
[0.21534545 0.09755976]
[0.2147721  0.09657079]
[0.21267243 0.09609142]
[0.21194941 0.09545997]
[0.21161582 0.09445156]
[0.21100339 0.09380137]
[0.20998546 0.09311617]
[0.21031524 0.09188509]
[0.20955194 0.09148462]
[0.20925582 0.09047197]
[0.20771543 0.09042422]
[0.20637816 0.08998164]
[0.20479937 0.09004046]
[0.20419627 0.08959886]
[0.2036169  0.08934921]
[0.20328157 0.08849975]
[0.20313837 0.08783489]
[0.20257622 0.08687506]
[0.20132955 0.08677262]
[0.20099315 0.08611227]
[0.20086624 0.08534488]
[0.20032212 0.08492445]
[0.19967625 0.08418442]
[0.19957588 0.08357143]
[0.1985999 0.083142 ]
[0.19821448 0.08244522]
[0.19787056 0.08194929]
[0.19686139 0.08181632]
[0.19559823 0.08178067]
[0.19543984 0.08073329]
[0.19445697 0.08038091]
[0.19403638 0.08000117]
[0.1936002  0.07888092]
[0.1923389  0.07867644]
[0.19148888 0.07822515]
[0.19100075 0.0779116 ]
[0.1909167  0.07713712]
[0.1906968  0.07642874]
[0.18986555 0.07625127]
[0.18967343 0.07561033]
[0.18951439 0.07510636]
[0.18939708 0.07454155]
[0.1890268  0.07436698]
[0.18878345 0.07379535]
[0.18690895 0.07405543]
[0.1862047  0.07380134]
[0.18572471 0.07359374]
[0.18485069 0.07328924]
[0.18322704 0.07342184]
[0.18238654 0.07308651]
[0.1816045  0.07322286]
[0.18062042 0.07309125]
[0.18046911 0.07250883]
[0.18034171 0.07198365]
[0.1798717  0.07163736]
[0.17968693 0.07114903]
[0.17928401 0.07101551]
[0.17918373 0.0705022 ]
[0.17936051 0.07001762]
[0.17883169 0.06978492]
[0.17830207 0.06942773]
[0.17737891 0.06924345]
[0.17728609 0.06885844]
[0.17713642 0.06834448]
[0.17677503 0.06812627]
[0.17583499 0.06796099]
[0.17547359 0.06760562]
[0.17530634 0.06719008]
[0.17471622 0.06692835]
[0.17482535 0.06641886]
[0.17469207 0.06592914]
[0.17416082 0.06572466]
[0.17421173 0.06490649]
[0.1735729  0.06476381]
[0.17351573 0.06421939]
[0.1728847  0.06412547]
[0.17216875 0.06398558]
[0.17155476 0.06388166]
[0.17108447 0.06358372]
[0.17114438 0.06294811]
[0.17063315 0.06262201]
[0.17042299 0.06214048]
[0.16967563 0.06195818]
[0.16926453 0.06170295]
[0.16937384 0.06121881]
[0.16911291 0.06079042]
[0.16858327 0.06067506]
[0.16823016 0.06068207]
[0.16788572 0.06025687]
[0.16762543 0.06000731]
[0.16733122 0.0595232 ]
[0.1667431  0.05931812]
[0.16586185 0.05925708]
[0.16609753 0.05867   ]
[0.1652733  0.05863399]
[0.1649128  0.05834829]
[0.16418216 0.05832373]
[0.16388042 0.05814084]
[0.16334277 0.05817309]
[0.16318442 0.05791408]
[0.16305032 0.05764659]
[0.16277418 0.05720705]
[0.16156403 0.05723639]
[0.16084312 0.05710847]
[0.15987684 0.05688483]
[0.15976792 0.05626972]
[0.15975024 0.05575486]
[0.15939602 0.05529449]
[0.15926271 0.0550231 ]
[0.15863192 0.05506519]
[0.1580351  0.05507856]
[0.15800105 0.05451045]
[0.15759869 0.05432548]
[0.15729746 0.05406609]
[0.15753361 0.05357544]
[0.15742395 0.0533495 ]
[0.1572808 0.0531054]
[0.15658307 0.05288656]
[0.15615483 0.05275638]
[0.15551526 0.05284178]
[0.1551712  0.05270265]
[0.15461665 0.05259625]
[0.15444868 0.05228493]
[0.15417201 0.05201673]
[0.15319708 0.05192931]
[0.15308019 0.05155267]
[0.1525674  0.05141495]
[0.15189485 0.05147344]
[0.1516852  0.05109382]
[0.15150934 0.05083387]
[0.15129101 0.05053811]
[0.15031559 0.05058995]
[0.15006395 0.05035539]
[0.14964312 0.05042425]
[0.14932433 0.05008869]
[0.14871049 0.05014863]
[0.14882807 0.04974157]
[0.1488116  0.04933561]
[0.14869413 0.04898523]
[0.14827377 0.04873672]
[0.14813155 0.04823713]
[0.14819907 0.04798784]
[0.14756803 0.04798955]
[0.14709764 0.04787652]
[0.14620608 0.04789308]
[0.14575158 0.04777043]
[0.14535691 0.04767791]
[0.14534968 0.04721009]
[0.14504816 0.0469284 ]
[0.14476162 0.0466895 ]
[0.14428235 0.04661262]
[0.14360013 0.04650653]
[0.14337283 0.04630579]
[0.14295349 0.04612612]
[0.14274334 0.04576011]
[0.14266794 0.04527182]
[0.14231525 0.04523278]
[0.14240868 0.04464586]
[0.14208166 0.04449098]
[0.1417874  0.04435136]
[0.14160295 0.04396126]
[0.14130822 0.04373675]
[0.14144164 0.04326258]
[0.14124753 0.04305024]
[0.14106247 0.04279918]
[0.14016283 0.04291068]
[0.13960774 0.04283946]
[0.13949072 0.04258028]
[0.13932319 0.04236733]
[0.13912088 0.042237  ]
[0.13874356 0.04218976]
[0.13847557 0.04196591]
[0.13793829 0.04185645]
[0.13766986 0.04164568]
[0.13745928 0.04138503]
[0.1373998  0.04109873]



Individual 110
Population size: 1000
Generations: 250
Seed: 29
Max features: 50
Crossover probability: 1.0
Mutation probability: 1.0
Pool proportion (to population size): 0.5
Mean fitness values of each generation
[0.70775208 0.45791444]
[0.63706351 0.40933778]
[0.60166255 0.38574   ]
[0.57190722 0.36733016]
[0.54257512 0.35027984]
[0.52051563 0.33467349]
[0.50116195 0.32070286]
[0.48330461 0.30965317]
[0.46514465 0.30027127]
[0.45082764 0.29045111]
[0.43692497 0.2812954 ]
[0.42302975 0.2723719 ]
[0.4101206  0.26331587]
[0.39616538 0.25639587]
[0.38641449 0.2472346 ]
[0.37506016 0.24249238]
[0.36634001 0.2368473 ]
[0.35977359 0.23128778]
[0.35274223 0.22535492]
[0.34805946 0.21968683]
[0.33911016 0.21613651]
[0.3343628  0.21158413]
[0.33062817 0.20578794]
[0.3239935 0.2018473]
[0.31627476 0.19894032]
[0.31025682 0.19534873]
[0.30482325 0.19248032]
[0.30070486 0.18994444]
[0.29506825 0.18743349]
[0.29050376 0.18412762]
[0.28675828 0.18166444]
[0.28410289 0.17848619]
[0.28127093 0.17595063]
[0.27708356 0.17485508]
[0.27457299 0.17182857]
[0.27094656 0.17072984]
[0.26756588 0.16964333]
[0.26458575 0.1683046 ]
[0.26232642 0.16616556]
[0.26050553 0.16384714]
[0.25848412 0.16267365]
[0.25605728 0.16155857]
[0.25631092 0.15821302]
[0.25506584 0.15587429]
[0.25298333 0.15433476]
[0.25133982 0.15261937]
[0.24901459 0.15136127]
[0.24713724 0.15036444]
[0.24573812 0.14842286]
[0.24462685 0.14643254]
[0.24072318 0.14608508]
[0.23813602 0.14633079]
[0.23683023 0.14528587]
[0.23473867 0.14424016]
[0.23323911 0.14270079]
[0.23146871 0.1414873 ]
[0.22905016 0.14053095]
[0.22808921 0.13887635]
[0.22625137 0.13778984]
[0.22356227 0.13739381]
[0.22130202 0.1369119 ]
[0.21961555 0.1362654 ]
[0.21920178 0.13449714]
[0.21828276 0.13322921]
[0.21615891 0.1327146 ]
[0.21534101 0.13148476]
[0.21418574 0.13049286]
[0.21261827 0.12945587]
[0.21092291 0.12841857]
[0.20971619 0.12764556]
[0.20719509 0.12660413]
[0.20591322 0.12612968]
[0.20492689 0.12459063]
[0.20431205 0.12333032]
[0.2037401  0.12203825]
[0.20309855 0.12059159]
[0.20216444 0.11891905]
[0.20154957 0.11795667]
[0.20097583 0.11693778]
[0.20053822 0.11546206]
[0.19984888 0.11413032]
[0.19933417 0.11275   ]
[0.19934297 0.11152921]
[0.19845972 0.11054381]
[0.19700232 0.10983635]
[0.19592353 0.10906032]
[0.19518991 0.1082046 ]
[0.19379004 0.10804063]
[0.19207125 0.10771587]
[0.19188657 0.10686984]
[0.18935896 0.10687873]
[0.18896426 0.10606286]
[0.18839192 0.1050073 ]
[0.18729605 0.1045819 ]
[0.18702723 0.10335603]
[0.18572911 0.10267524]
[0.18518988 0.1017046 ]
[0.18309879 0.10187349]
[0.18268677 0.10065603]
[0.18174298 0.09916254]
[0.1809417  0.09802937]
[0.18037861 0.09715222]
[0.17978019 0.0961146 ]
[0.17870131 0.09546397]
[0.17679582 0.0956254 ]
[0.17665283 0.09427841]
[0.17594461 0.09351873]
[0.1757515  0.09242825]
[0.17544028 0.09101413]
[0.17445366 0.0899819 ]
[0.17322339 0.08924571]
[0.17284501 0.08771397]
[0.17215536 0.08655841]
[0.17208002 0.08526222]
[0.17100146 0.08442032]
[0.17003985 0.08354222]
[0.1690713  0.08259571]
[0.16796716 0.08187683]
[0.1669804 0.0808954]
[0.16578359 0.08075571]
[0.16481391 0.07983667]
[0.16420752 0.07814651]
[0.16317922 0.07737095]
[0.16198268 0.07646762]
[0.16138363 0.07523857]
[0.16013618 0.07509921]
[0.15904811 0.07462857]
[0.15850882 0.07323429]
[0.15754776 0.07229492]
[0.15701713 0.07131587]
[0.15547413 0.07069889]
[0.15462275 0.07032492]
[0.15340076 0.0703427 ]
[0.15296229 0.06967556]
[0.15229695 0.06879159]
[0.15120963 0.06853   ]
[0.15116718 0.06768587]
[0.15056048 0.0670181 ]
[0.15038393 0.06624413]
[0.14978462 0.06584397]
[0.14864621 0.06560603]
[0.14771831 0.0657173 ]
[0.14695091 0.06544429]
[0.14644517 0.06508683]
[0.14615963 0.06439984]
[0.14526611 0.06416619]
[0.14463425 0.06383952]
[0.14380009 0.0636427 ]
[0.14344563 0.06311317]
[0.14280474 0.06277238]
[0.14202039 0.06273794]
[0.1414388  0.06252254]
[0.14105926 0.06213333]
[0.13979468 0.06220714]
[0.13891771 0.06220111]
[0.13805802 0.06219984]
[0.1379577  0.06132683]
[0.13726637 0.0611654 ]
[0.13662596 0.0610446 ]
[0.1361879  0.06073444]
[0.13564042 0.06056032]
[0.13555634 0.05994825]
[0.13493197 0.05966302]
[0.13445133 0.05924413]
[0.13380226 0.05898365]
[0.13327938 0.05873587]
[0.13284976 0.05851603]
[0.13240263 0.05813333]
[0.13222567 0.05762016]
[0.13209138 0.05714984]
[0.13146861 0.05674508]
[0.13088693 0.05638556]
[0.13070074 0.05611079]
[0.12995852 0.05623159]
[0.12929223 0.05621095]
[0.12841509 0.05626921]
[0.12753061 0.05627619]
[0.12740364 0.05586111]
[0.12718493 0.05552746]
[0.12689815 0.05516889]
[0.12662835 0.05465508]
[0.12640872 0.05419635]
[0.12634943 0.05391238]
[0.12600381 0.05365857]
[0.12524443 0.05372492]
[0.12464568 0.05375016]
[0.1236674  0.05401286]
[0.12272383 0.05419952]
[0.12241181 0.05398381]
[0.12225143 0.05360794]
[0.12182117 0.05358222]
[0.12132331 0.05362952]
[0.12106147 0.05353905]
[0.12113711 0.05295524]
[0.12069836 0.05300254]
[0.12013314 0.05301952]
[0.11981243 0.05291857]
[0.11950042 0.05298333]
[0.11910464 0.0530446 ]
[0.1187681  0.05295286]
[0.11834687 0.05279778]
[0.11809437 0.05266524]
[0.11796767 0.05243127]
[0.1179255  0.05220968]
[0.11781574 0.05202063]
[0.11777342 0.05177587]
[0.11749491 0.05190921]
[0.11744432 0.05174984]
[0.11725016 0.05159016]
[0.11712356 0.05135921]
[0.11708954 0.0511073 ]
[0.11691246 0.05099556]
[0.1166426  0.05098746]
[0.11641499 0.05097952]
[0.11590942 0.05122794]
[0.11578276 0.05123968]
[0.11571528 0.05115206]
[0.11553842 0.05104111]
[0.11534448 0.05100254]
[0.11518406 0.05098095]
[0.11502373 0.05100984]
[0.11482103 0.05103333]
[0.1146943  0.05108508]
[0.1144833  0.05114159]
[0.11428062 0.05118238]
[0.11404434 0.05123413]
[0.1138755  0.05110571]
[0.11372375 0.05097063]
[0.11355539 0.05080857]
[0.11339532 0.05071476]
[0.11313417 0.05071143]
[0.11292341 0.05063492]
[0.1128727  0.05049984]
[0.11267042 0.05041048]
[0.11248541 0.05043905]
[0.11215734 0.05049635]
[0.11204767 0.05037048]
[0.11164257 0.0507946 ]
[0.11114482 0.0513146 ]
[0.11074824 0.05168873]
[0.11030106 0.05205873]
[0.11014929 0.05211397]
[0.1100903  0.05203794]
[0.11007345 0.05184937]
[0.11005665 0.05169413]
[0.11005668 0.05150492]
[0.11010727 0.05127063]
[0.11007355 0.05109857]
[0.1099638  0.05102095]
[0.10987947 0.0509754 ]
[0.10982897 0.0508927 ]



