0.7257638 0.44823571 30.5075
0.69726828 0.43071455 26.19875
0.68495214 0.4259179 22.9275
0.66084675 0.41144505 21.40125
0.64007507 0.39856837 19.57875
0.61496601 0.38623899 18.7125
0.59424428 0.37383544 17.83375
0.57542052 0.3618536 17.12
0.55814816 0.34878128 16.74125
0.53890263 0.3391312 16.4225
0.52391953 0.32945253 15.98375
0.50629559 0.31988898 15.715
0.49831561 0.31698049 14.75375
0.4781544 0.30705492 14.875
0.45907111 0.29717511 15.01625
0.43946166 0.28515928 14.77375
0.42057291 0.27469633 14.5125
0.41294637 0.2706651 14.31375
0.40819778 0.26661081 13.93125
0.3969709 0.25935421 14.22
0.37437794 0.24614437 14.38
0.36753817 0.24225955 14.0975
0.36399358 0.23930686 13.8575
0.36009172 0.23912417 13.59875
0.35299538 0.23470442 13.49125
0.35018785 0.23392013 13.1225
0.34839582 0.23078384 12.6075
0.34362121 0.23054888 12.465
0.33901343 0.22697686 12.44875
0.33016555 0.22251275 12.42125
0.32352207 0.21759744 12.475
0.3156475 0.21337292 12.56875
0.30484022 0.20671063 12.79625
0.30405708 0.20706717 12.76625
0.30375867 0.20748672 12.4225
0.29788535 0.20486644 12.6325
0.29530843 0.20419154 12.63
0.29455653 0.20206986 12.67375
0.28608331 0.19669871 12.8025
0.28168679 0.19436407 12.9925
0.28199485 0.19408742 12.93125
0.28177495 0.19424145 12.71125
0.28147457 0.19372306 12.5775
0.2786706 0.19239512 12.64375
0.27762878 0.19106125 12.67375
0.27338106 0.19044467 12.73625
0.26909934 0.18789007 12.58875
0.27102189 0.1890845 12.3525
0.26456258 0.18761659 12.39625
0.26696119 0.18856366 12.2275
0.26234324 0.18622356 12.31
0.26410743 0.18717562 12.14375
0.26433399 0.18737925 12.30625
0.26192376 0.18626521 12.26
0.25532966 0.18377502 12.49625
0.25576208 0.18310423 12.45875
0.25480399 0.18302409 12.49875
0.25315973 0.18335934 12.5025
0.25197263 0.18258605 12.5225
0.25102561 0.18283619 12.46125
0.25091367 0.18308616 12.46125
0.25128771 0.18342926 12.49
0.25000865 0.1822582 12.635
0.25095461 0.18243538 12.4725
0.24888926 0.18028073 12.48625
0.24935474 0.1796695 12.54
0.24937928 0.17940531 12.49875
0.24871523 0.17949516 12.53375
0.24928592 0.17965021 12.48875
0.24824745 0.17954468 12.61875
0.2500481 0.18105829 12.475
0.24623324 0.17950877 12.62625
0.2478001 0.18067955 12.57625
0.24614455 0.17966573 12.56625
0.24423387 0.17817591 12.61125
0.24558933 0.17784967 12.69375
0.24590189 0.1785427 12.44875
0.24316143 0.17727726 12.52125
0.24186218 0.17725322 12.5225
0.2397004 0.17669163 12.53625
0.23852924 0.17506433 12.6375
0.23663096 0.17387117 12.705
0.23468843 0.17383791 12.79
0.23459779 0.17344585 12.88375
0.23681032 0.17511122 12.485
0.23445798 0.17369229 12.635
0.23136974 0.17249899 12.63875
0.22938701 0.17080162 12.6375
0.22829805 0.17151634 12.685
0.22732399 0.17060203 12.6625
0.22842093 0.17105569 12.6775
0.22915005 0.17128901 12.69375
0.22971745 0.1712732 12.5725
0.22887052 0.17097313 12.57875
0.22928609 0.17116414 12.6625
0.22770582 0.17014648 12.77375
0.22882283 0.17011074 12.65375
0.22915844 0.17069724 12.625
0.2301744 0.17141201 12.56375
0.23148982 0.17247754 12.48125
0.23089544 0.1726023 12.49125
0.23013065 0.17296785 12.52125
0.23031776 0.17303911 12.52
0.23060618 0.17382998 12.42125
0.23080331 0.17516533 12.355
0.22630534 0.17353859 12.38625
0.22708547 0.1738157 12.31875
0.22638597 0.17467374 12.2075
0.22651035 0.17494763 12.15
0.22564625 0.17533198 12.135
0.22483177 0.17451008 12.145
0.2259313 0.17573388 12.0625
0.22394806 0.17379319 12.155
0.22479186 0.17341854 12.1225
0.22648015 0.17444742 11.96125
0.22696294 0.17459121 11.9025
0.22725753 0.17492872 11.8325
0.22737612 0.17447473 11.80625
0.22715029 0.17507147 11.76375
0.22793778 0.17485431 11.695
0.22761569 0.17450122 11.7125
0.22772621 0.17467577 11.66625
0.22816518 0.1745337 11.655
0.22842923 0.17424257 11.61875
0.22850767 0.17391846 11.5125
0.22932007 0.1742796 11.42875
0.22994265 0.17405166 11.42625
0.22965602 0.17362739 11.43875
0.23019197 0.17372497 11.35875
0.23062194 0.17379346 11.33375
0.2308098 0.17408905 11.33875
0.23044009 0.17377571 11.41375
0.23061786 0.17403608 11.38625
0.23052121 0.17385444 11.37125
0.23017979 0.17423352 11.39875
0.23000968 0.17457496 11.435
0.23012362 0.17497254 11.36375
0.22850416 0.173973 11.4
0.2288612 0.17437452 11.32
0.22796208 0.17376941 11.41
0.22187652 0.16985065 11.505
0.22213443 0.16981103 11.50375
0.2232502 0.17019537 11.4975
0.22279782 0.16982835 11.545
0.22281918 0.16981508 11.54875
0.22365249 0.1701902 11.5775
0.22391112 0.17103734 11.52875
0.22460419 0.1712587 11.51375
0.22476904 0.17095545 11.52875
0.22531668 0.17167077 11.40875
0.22445884 0.17136776 11.46625
0.22518426 0.1716488 11.3325
0.22554025 0.17186171 11.3225
0.2243735 0.17091983 11.47875
0.22399305 0.17146145 11.49125
0.22463421 0.17177879 11.3925
0.22431619 0.17197471 11.2875
0.22413451 0.17179517 11.3025
0.22405854 0.17177477 11.2775
0.22398824 0.17126382 11.27375
0.22438439 0.17142257 11.28375
0.2249118 0.17124476 11.28625
0.2256339 0.17157149 11.24
0.2257444 0.17190054 11.21625
0.22670415 0.17207451 11.11125
0.22703176 0.17266209 11.01375
0.22588465 0.17160549 11.07375
0.22668558 0.17188459 10.96625
0.22611496 0.17199789 11.00875
0.2267248 0.17190644 10.975
0.22629994 0.172063 10.94875
0.22565927 0.17152393 10.95625
0.22531679 0.17104043 10.98375
0.22574268 0.17119835 10.985
0.22511794 0.17123156 11.02125
0.2243148 0.17093164 11.1225
0.22388208 0.1708146 11.1475
0.22257173 0.16947183 11.20875
0.22259369 0.1690115 11.26125
0.22398364 0.16990613 11.19375
0.22444978 0.16996404 11.125
0.22467777 0.16993005 11.12125
0.22563826 0.1700331 11.02
0.22628506 0.17070499 10.96
0.22529493 0.17039596 11.01125
0.22539521 0.17104289 10.9375
0.22518167 0.17117882 10.9275
0.22537317 0.1716123 10.88625
0.22485286 0.17055308 10.9525
0.22464259 0.17059646 10.95375
0.22519985 0.17107376 10.92
0.22572842 0.17097558 10.8925
0.22576802 0.17082401 10.895
0.22596528 0.1711952 10.84375
0.22566886 0.17091767 10.865
0.22492921 0.17093281 10.89375
0.22505478 0.17070258 10.9025
0.22476068 0.17055746 10.90625
0.22604253 0.17045568 10.86125
0.22743863 0.17122255 10.82125
0.22688434 0.17105157 10.8675
