Fitness metrics: KappaLoss, CrossValidationLoss

Individual 104
Population size: 800
Generations: 200
Seed: 29
Max features: 50
Crossover probability: 0.9
Mutation probability: 1.0
Pool proportion (to population size): 0.5
Mean fitness values of each generation
[0.79465503 0.48708682]
[0.70362154 0.42886715]
[0.64996961 0.39476634]
[0.60638783 0.36918968]
[0.5652447  0.34610796]
[0.53019562 0.32538894]
[0.4933001  0.30711728]
[0.46086359 0.29108994]
[0.42949923 0.27793541]
[0.39940081 0.26502232]
[0.3740593 0.2511775]
[0.35015877 0.24001533]
[0.33174981 0.2300558 ]
[0.31507547 0.22122771]
[0.29986091 0.21354517]
[0.28448289 0.20681326]
[0.27143877 0.19974264]
[0.2601145  0.19365918]
[0.2515015  0.18729221]
[0.241909   0.18226512]
[0.23234636 0.17695329]
[0.22450919 0.17245628]
[0.21735813 0.16972323]
[0.21143711 0.16677193]
[0.2038998  0.16437573]
[0.20053925 0.162305  ]
[0.19608832 0.15870452]
[0.19279337 0.15716539]
[0.18902214 0.15528891]
[0.1872921  0.15390029]
[0.18359209 0.15167653]
[0.18072198 0.14921986]
[0.18075921 0.14521956]
[0.18006672 0.14206625]
[0.1802389  0.13954413]
[0.17753632 0.1382691 ]
[0.17687774 0.13595224]
[0.17396798 0.13458961]
[0.1737584  0.13259307]
[0.17168091 0.13138392]
[0.16947838 0.12935027]
[0.16868362 0.1282006 ]
[0.1664131  0.12698746]
[0.16314639 0.12599108]
[0.16028006 0.12518797]
[0.16068307 0.12328318]
[0.15555268 0.12294863]
[0.15352523 0.12176914]
[0.15266218 0.12046207]
[0.15023254 0.1195463 ]
[0.14907508 0.11902297]
[0.14754175 0.11795946]
[0.14548994 0.1170112 ]
[0.14446927 0.11551092]
[0.14300867 0.11449759]
[0.14107009 0.11266277]
[0.13788874 0.11233088]
[0.13577043 0.11176402]
[0.13419755 0.11117523]
[0.13403377 0.1100628 ]
[0.13182518 0.10972747]
[0.13209929 0.10801202]
[0.13058216 0.10763942]
[0.12797667 0.10794761]
[0.12628624 0.10637744]
[0.12606295 0.10518366]
[0.12459085 0.10437513]
[0.12483315 0.10289471]
[0.12434549 0.10239843]
[0.12364844 0.10114766]
[0.12231467 0.10102298]
[0.12162612 0.10047484]
[0.12083271 0.09956491]
[0.11935982 0.09914788]
[0.11889578 0.09832908]
[0.11845246 0.09776364]
[0.11777244 0.0971914 ]
[0.11662815 0.09677707]
[0.11584166 0.09662357]
[0.11484541 0.09651858]
[0.11465304 0.09566054]
[0.11389077 0.0953928 ]
[0.11279361 0.09527509]
[0.11315436 0.0939806 ]
[0.11400042 0.09163821]
[0.11369204 0.09092784]
[0.11193794 0.09065393]
[0.11146319 0.08980895]
[0.11054283 0.0885075 ]
[0.10901714 0.08789289]
[0.10709081 0.08786104]
[0.10662359 0.0870186 ]
[0.10629442 0.08582252]
[0.1040507  0.08547193]
[0.10280077 0.08469888]
[0.10220923 0.0830212 ]
[0.10174583 0.08229299]
[0.10207514 0.0806277 ]
[0.10085888 0.0799957 ]
[0.10033138 0.07934633]
[0.10031905 0.07871469]
[0.09894339 0.07829529]
[0.09881782 0.07764857]
[0.09783166 0.07702815]
[0.09705983 0.07626681]
[0.09730044 0.07479318]
[0.09624504 0.07469588]
[0.09586236 0.07460396]
[0.09571275 0.07353201]
[0.09486632 0.07301165]
[0.09464423 0.07261941]
[0.09426325 0.07178585]
[0.09439164 0.07145147]
[0.09457295 0.07114683]
[0.09423622 0.07105972]
[0.09404482 0.0706333 ]
[0.09420348 0.07010921]
[0.09455304 0.06972829]
[0.0945743  0.06938191]
[0.0940978 0.068809 ]
[0.094107   0.06831851]
[0.09393678 0.0680888 ]
[0.09397969 0.06810885]
[0.09372715 0.06818354]
[0.09387581 0.06812793]
[0.09415025 0.06763668]
[0.09396996 0.06751855]
[0.09414011 0.06767159]
[0.09399189 0.06776153]
[0.09399253 0.06778914]
[0.09371812 0.0679069 ]
[0.09356006 0.06823175]
[0.09363479 0.06820931]
[0.09339251 0.06837087]
[0.0933926  0.06825679]
[0.09339229 0.06804448]
[0.0930642 0.068146 ]
[0.0929799  0.06819425]
[0.09254637 0.06838034]
[0.0924714  0.06834753]
[0.09220694 0.06857376]
[0.09184688 0.06857238]
[0.09086118 0.06851378]
[0.08973804 0.06863927]
[0.0894729  0.06831112]
[0.08968374 0.06800858]
[0.08938606 0.06779336]
[0.08941821 0.06749487]
[0.08901557 0.06730511]
[0.08839027 0.06726932]
[0.08796642 0.06714987]
[0.08794529 0.06686917]
[0.08799828 0.06661781]
[0.08799815 0.06640334]
[0.08804052 0.06613459]
[0.08795587 0.06593652]
[0.08764848 0.06573618]
[0.0871619  0.06578389]
[0.08717231 0.06572868]
[0.08718283 0.06572907]
[0.08715116 0.06577134]
[0.0871089  0.06580069]
[0.08703507 0.06587809]
[0.08713033 0.06586978]
[0.08744774 0.06572632]
[0.08770165 0.06556241]
[0.08793431 0.06535643]
[0.08817747 0.06515121]
[0.08837853 0.06499483]
[0.08861144 0.06483729]
[0.08886536 0.06467859]
[0.08901344 0.06456951]
[0.08941536 0.06427723]
[0.09014389 0.06363345]
[0.09073595 0.06321955]
[0.09108498 0.06283524]
[0.09105325 0.06281071]
[0.09093707 0.06286804]
[0.09086296 0.06285512]
[0.09083108 0.06276437]
[0.09067258 0.06283617]
[0.09053512 0.06295875]
[0.09023928 0.06305313]
[0.09009126 0.06308324]
[0.08978498 0.06326258]
[0.08949964 0.06340427]
[0.08921428 0.06345795]
[0.08909737 0.06350719]
[0.08885443 0.06359386]
[0.08863251 0.06365988]
[0.08819928 0.06378302]
[0.08751267 0.06407547]
[0.0866676  0.06445171]
[0.08622407 0.06459629]
[0.0856219  0.06485979]
[0.08506214 0.06504897]
[0.08442833 0.06531229]
[0.08363615 0.06561826]
[0.08307639 0.06571634]
[0.08309764 0.06534384]
[0.08300256 0.06516241]



Individual 107
Population size: 800
Generations: 200
Seed: 29
Max features: 50
Crossover probability: 0.9
Mutation probability: 1.0
Pool proportion (to population size): 0.5
Mean fitness values of each generation
[0.72764533 0.48001728]
[0.66108098 0.43479413]
[0.62972491 0.41350092]
[0.60357799 0.39494647]
[0.57853485 0.37734981]
[0.55994125 0.36140168]
[0.53991838 0.34663269]
[0.5250926  0.33282454]
[0.51030875 0.320738  ]
[0.49734472 0.30693693]
[0.48304248 0.29540668]
[0.46832875 0.28503658]
[0.45538925 0.27492707]
[0.4429149  0.26457502]
[0.43000652 0.25803451]
[0.41709657 0.25103501]
[0.4082405  0.24300805]
[0.39630974 0.23636382]
[0.38571748 0.22876633]
[0.3774353  0.22259872]
[0.37145513 0.2166533 ]
[0.36508339 0.2112945 ]
[0.36096157 0.20650899]
[0.35505242 0.20322971]
[0.35088008 0.19994878]
[0.34583441 0.19737201]
[0.34203706 0.19450662]
[0.33977868 0.19138664]
[0.33334294 0.19059941]
[0.33137937 0.18703332]
[0.32866049 0.18515744]
[0.32589042 0.18398082]
[0.32436335 0.18149707]
[0.32177385 0.17925013]
[0.31759756 0.17940959]
[0.31405983 0.17816871]
[0.31160952 0.17537634]
[0.30953148 0.17344528]
[0.30496888 0.17314446]
[0.30277076 0.17115359]
[0.30062345 0.16925494]
[0.29893391 0.16650776]
[0.29734182 0.16356837]
[0.29589003 0.16053517]
[0.29459212 0.15803606]
[0.29351405 0.15591242]
[0.29140194 0.15270168]
[0.28763166 0.15128389]
[0.28534767 0.15072309]
[0.28362149 0.14939395]
[0.28368517 0.14646963]
[0.28235149 0.14574811]
[0.28304623 0.14352353]
[0.28092679 0.14275276]
[0.28100326 0.1413238 ]
[0.28059117 0.14016497]
[0.27940007 0.13902185]
[0.27836174 0.13755224]
[0.27766681 0.13625972]
[0.27625165 0.13492692]
[0.27353232 0.13452146]
[0.27140085 0.13421295]
[0.27147419 0.13281843]
[0.26862372 0.13248184]
[0.26817928 0.13159774]
[0.26678744 0.13069318]
[0.26475025 0.13033859]
[0.26339525 0.13028838]
[0.26093981 0.13001311]
[0.25917381 0.13014198]
[0.25650599 0.13020119]
[0.2552834  0.13019418]
[0.25244412 0.12992551]
[0.25006127 0.12968647]
[0.24973754 0.12907213]
[0.24620915 0.12944588]
[0.2446439  0.12828689]
[0.2440154  0.12744749]
[0.24317251 0.12684533]
[0.24257265 0.12611692]
[0.24026278 0.12606736]
[0.23946395 0.1256602 ]
[0.2389582  0.12409815]
[0.23714181 0.12412287]
[0.23741467 0.12327111]
[0.23551326 0.12331404]
[0.23447533 0.12329874]
[0.23418202 0.12256423]
[0.23450634 0.12170463]
[0.2341579  0.12084151]
[0.23391444 0.12000306]
[0.23330377 0.11920525]
[0.23296764 0.11816106]
[0.23292687 0.1171323 ]
[0.23168089 0.11641004]
[0.2317551  0.11533969]
[0.2303084  0.11505817]
[0.22959208 0.11462981]
[0.22860394 0.1141276 ]
[0.22798413 0.11357861]
[0.22809822 0.11280142]
[0.22775008 0.11198893]
[0.22714961 0.11069115]
[0.22797929 0.10928919]
[0.22697019 0.10870715]
[0.22719054 0.10755538]
[0.22687419 0.10717201]
[0.22744103 0.1059084 ]
[0.22607419 0.10502091]
[0.22612737 0.10427695]
[0.225353   0.10355273]
[0.22484834 0.1027542 ]
[0.22513035 0.10154682]
[0.22471886 0.10098155]
[0.22452723 0.10015609]
[0.22435795 0.09944463]
[0.22380017 0.09900611]
[0.22339053 0.09841625]
[0.22246621 0.09840025]
[0.22141406 0.09781452]
[0.22075109 0.09758407]
[0.22058206 0.09663324]
[0.22054817 0.09594016]
[0.21986629 0.09566748]
[0.22031618 0.09493941]
[0.21922303 0.09491625]
[0.21835235 0.09484252]
[0.21748217 0.09446211]
[0.21698821 0.09420737]
[0.21751318 0.09332354]
[0.21660102 0.09332915]
[0.21428192 0.09398811]
[0.21320935 0.0937891 ]
[0.21236823 0.09361562]
[0.2114658  0.09318418]
[0.21033393 0.09288882]
[0.20941063 0.09277953]
[0.20805556 0.09297926]
[0.20770969 0.09261015]
[0.2077724  0.09196754]
[0.20726973 0.09171968]
[0.2063673  0.09106097]
[0.20552809 0.09085387]
[0.20446671 0.09040921]
[0.20389097 0.08983745]
[0.20246395 0.08981197]
[0.20113181 0.08970095]
[0.19945521 0.08979502]
[0.1979059 0.0896211]
[0.19691083 0.08929815]
[0.19576011 0.08890884]
[0.19426052 0.08910166]
[0.19365044 0.08883105]
[0.1912165  0.08947513]
[0.18908655 0.08954503]
[0.18764895 0.08983878]
[0.18618209 0.08978858]
[0.18536477 0.08913611]
[0.18389623 0.08923722]
[0.18235373 0.08942991]
[0.18080003 0.08948756]
[0.1799834  0.08910095]
[0.17915623 0.08890197]
[0.17800303 0.08885542]
[0.17771123 0.08824431]
[0.1767028  0.08827804]
[0.1764935  0.08796801]
[0.1770936  0.08698378]
[0.17500658 0.08736887]
[0.17447203 0.08698454]
[0.17280301 0.08737136]
[0.17167033 0.08754408]
[0.17114781 0.08724777]
[0.17098045 0.08675439]
[0.17072769 0.08654703]
[0.16903877 0.08719555]
[0.16830354 0.0873384 ]
[0.16808342 0.08715657]
[0.16744237 0.08723805]
[0.16684301 0.08724483]
[0.16641298 0.08712203]
[0.16591964 0.08710797]
[0.16585869 0.08677215]
[0.16597656 0.08631144]
[0.16595718 0.08579256]
[0.16598007 0.08529779]
[0.16552742 0.08549078]
[0.16542135 0.08521366]
[0.16551653 0.08483644]
[0.16575096 0.08393443]
[0.16562616 0.08349041]
[0.16557386 0.08312828]
[0.16529132 0.08288858]
[0.16495675 0.08263651]
[0.16465207 0.08246892]
[0.164381   0.08217053]
[0.1641388  0.08188041]
[0.16407539 0.08167698]
[0.16410797 0.08132047]
[0.16388479 0.08131708]
[0.16341205 0.08120492]



Individual 110
Population size: 800
Generations: 200
Seed: 29
Max features: 50
Crossover probability: 0.9
Mutation probability: 1.0
Pool proportion (to population size): 0.5
Mean fitness values of each generation
[0.72311408 0.46887202]
[0.66035016 0.42234008]
[0.62688648 0.39937401]
[0.6010178  0.38394345]
[0.57608652 0.37003294]
[0.55431325 0.35789881]
[0.53129357 0.34590794]
[0.51499712 0.33353115]
[0.49558085 0.32043472]
[0.47332642 0.31082778]
[0.45445669 0.30203829]
[0.43837695 0.29233313]
[0.42262122 0.28415119]
[0.40902695 0.27359583]
[0.39245458 0.26505377]
[0.3777331  0.25778988]
[0.36536392 0.24953294]
[0.35279653 0.2416621 ]
[0.34192856 0.23583234]
[0.33071912 0.2307254 ]
[0.3215983  0.22669802]
[0.31514787 0.22245179]
[0.31178123 0.21637937]
[0.3049557  0.21270694]
[0.29914117 0.20832718]
[0.29419831 0.20442738]
[0.28910007 0.20210159]
[0.28418119 0.1988504 ]
[0.27898915 0.19749028]
[0.27373053 0.19544901]
[0.270787   0.19273611]
[0.26830538 0.18967679]
[0.26701494 0.18717083]
[0.26529088 0.18452183]
[0.26276566 0.18288909]
[0.26037775 0.18132579]
[0.25694649 0.1798619 ]
[0.25502119 0.17754127]
[0.2538014  0.17537004]
[0.25201151 0.17469464]
[0.2510138  0.17270218]
[0.24986811 0.17125437]
[0.24937455 0.16960159]
[0.2482367 0.1679375]
[0.24655286 0.16724464]
[0.24504669 0.16547143]
[0.24348836 0.16473016]
[0.24182336 0.16394583]
[0.23951991 0.16330675]
[0.23922407 0.16198929]
[0.23830788 0.16074921]
[0.23725614 0.15892063]
[0.23546457 0.15825972]
[0.23520209 0.15670159]
[0.23318065 0.15535377]
[0.23185322 0.15413036]
[0.23083068 0.15292063]
[0.22964008 0.15174524]
[0.22769008 0.1509625 ]
[0.22564791 0.15077282]
[0.22355166 0.14972044]
[0.22127734 0.14901587]
[0.22158237 0.14697817]
[0.22043361 0.14549663]
[0.21942273 0.14382798]
[0.21718852 0.14347183]
[0.21598726 0.14177897]
[0.21475644 0.14035556]
[0.21360841 0.13856825]
[0.21248246 0.13683433]
[0.21229269 0.13481964]
[0.21073489 0.13372698]
[0.20833429 0.13267222]
[0.20616708 0.13184464]
[0.20528388 0.13047738]
[0.20351542 0.12929663]
[0.20269472 0.12806825]
[0.20042961 0.12777341]
[0.19971344 0.12632698]
[0.19776575 0.12635952]
[0.19543778 0.1259869 ]
[0.19481644 0.12498214]
[0.19317298 0.12489683]
[0.19153006 0.12404365]
[0.19136086 0.12224722]
[0.18978035 0.12198889]
[0.18945435 0.1206123 ]
[0.18919074 0.11922123]
[0.18802167 0.11885754]
[0.1865692  0.11860218]
[0.18646334 0.11731488]
[0.18556715 0.11666488]
[0.18504057 0.11564087]
[0.18426106 0.11518849]
[0.18359758 0.11435278]
[0.18293499 0.11367004]
[0.18144948 0.11374504]
[0.18103808 0.11274742]
[0.18058482 0.11173135]
[0.17989037 0.11100813]
[0.17962743 0.1102004 ]
[0.1796268  0.10978313]
[0.17906901 0.10909187]
[0.17873184 0.10851925]
[0.17820561 0.1083629 ]
[0.1778795  0.10756528]
[0.17754269 0.10690833]
[0.17731075 0.10590774]
[0.1774904  0.10491627]
[0.17717341 0.10429425]
[0.17692029 0.10388036]
[0.17594117 0.10410853]
[0.17587786 0.1035625 ]
[0.17541516 0.10331032]
[0.17594088 0.10224365]
[0.17574069 0.10164226]
[0.17532926 0.1013123 ]
[0.17551871 0.10071528]
[0.17477116 0.1010496 ]
[0.17384495 0.10150972]
[0.17349757 0.1012002 ]
[0.17319241 0.10082778]
[0.17313958 0.10029345]
[0.17291813 0.09980139]
[0.17169809 0.1002631 ]
[0.1718244  0.09986488]
[0.17155072 0.09953274]
[0.17064522 0.10009742]
[0.1703713  0.09988512]
[0.16999223 0.09988313]
[0.16980227 0.09963016]
[0.16977106 0.0990127 ]
[0.16944507 0.09897956]
[0.16877159 0.0992631 ]
[0.16851883 0.0991369 ]
[0.1679204  0.09924345]
[0.16755234 0.0992002 ]
[0.16729955 0.09919583]
[0.16692087 0.0991881 ]
[0.16687845 0.09876667]
[0.16652059 0.09870893]
[0.16656287 0.09832321]
[0.16636338 0.09812996]
[0.16618489 0.09801885]
[0.16593292 0.09780496]
[0.16579592 0.09754702]
[0.16551138 0.09751647]
[0.16574258 0.09698651]
[0.16616324 0.09626389]
[0.16652054 0.09556111]
[0.16609898 0.0955377 ]
[0.1656039  0.09577242]
[0.16444592 0.09618472]
[0.16429853 0.09613274]
[0.16421441 0.09597123]
[0.16415138 0.09585337]
[0.16412002 0.09573552]
[0.16398344 0.09561687]
[0.16399418 0.0953381 ]
[0.16392069 0.09503909]
[0.16384733 0.09474425]
[0.16379489 0.0944004 ]
[0.16424687 0.0936496 ]
[0.16395268 0.0933627 ]
[0.16377379 0.09314385]
[0.16328972 0.0930875 ]
[0.16279497 0.09319345]
[0.16232133 0.09333849]
[0.16227913 0.09321111]
[0.16225811 0.09311329]
[0.16223706 0.09297321]
[0.16232123 0.09268373]
[0.16240532 0.09252202]
[0.1624684  0.09228472]
[0.16255249 0.0920125 ]
[0.16284684 0.09155119]
[0.16321476 0.09116448]
[0.16325677 0.09089246]
[0.16300449 0.09093075]
[0.16265764 0.09095595]
[0.16233179 0.09095972]
[0.16231056 0.09085873]
[0.16272055 0.09009425]
[0.16281504 0.08994028]
[0.16279401 0.08993333]
[0.16277295 0.08995476]
[0.16278346 0.08995456]
[0.16280448 0.08991925]
[0.16280448 0.08992579]
[0.16283601 0.08990437]
[0.16287805 0.08985456]
[0.16316189 0.08980079]
[0.1635087  0.08979524]
[0.16389761 0.08973948]
[0.16445472 0.089625  ]
[0.16498025 0.08957282]
[0.16536915 0.08952341]
[0.16574755 0.08949464]
[0.16631515 0.08945615]
[0.16610497 0.08964683]
[0.16673562 0.08959266]



