Fitness metrics: KappaLoss, CrossValidationLoss, Simplicity

Individual 104
Population size: 800
Generations: 200
Seed: 29
Max features: 60
Crossover probability: 0.9
Mutation probability: 1.0
Pool proportion (to population size): 0.5
Mean fitness values of each generation
[ 0.7257638   0.44823571 30.5075    ]
[ 0.69726828  0.43071455 26.19875   ]
[ 0.68495214  0.4259179  22.9275    ]
[ 0.66084675  0.41144505 21.40125   ]
[ 0.64007507  0.39856837 19.57875   ]
[ 0.61496601  0.38623899 18.7125    ]
[ 0.59424428  0.37383544 17.83375   ]
[ 0.57542052  0.3618536  17.12      ]
[ 0.55814816  0.34878128 16.74125   ]
[ 0.53890263  0.3391312  16.4225    ]
[ 0.52391953  0.32945253 15.98375   ]
[ 0.50629559  0.31988898 15.715     ]
[ 0.49831561  0.31698049 14.75375   ]
[ 0.4781544   0.30705492 14.875     ]
[ 0.45907111  0.29717511 15.01625   ]
[ 0.43946166  0.28515928 14.77375   ]
[ 0.42057291  0.27469633 14.5125    ]
[ 0.41294637  0.2706651  14.31375   ]
[ 0.40819778  0.26661081 13.93125   ]
[ 0.3969709   0.25935421 14.22      ]
[ 0.37437794  0.24614437 14.38      ]
[ 0.36753817  0.24225955 14.0975    ]
[ 0.36399358  0.23930686 13.8575    ]
[ 0.36009172  0.23912417 13.59875   ]
[ 0.35299538  0.23470442 13.49125   ]
[ 0.35018785  0.23392013 13.1225    ]
[ 0.34839582  0.23078384 12.6075    ]
[ 0.34362121  0.23054888 12.465     ]
[ 0.33901343  0.22697686 12.44875   ]
[ 0.33016555  0.22251275 12.42125   ]
[ 0.32352207  0.21759744 12.475     ]
[ 0.3156475   0.21337292 12.56875   ]
[ 0.30484022  0.20671063 12.79625   ]
[ 0.30405708  0.20706717 12.76625   ]
[ 0.30375867  0.20748672 12.4225    ]
[ 0.29788535  0.20486644 12.6325    ]
[ 0.29530843  0.20419154 12.63      ]
[ 0.29455653  0.20206986 12.67375   ]
[ 0.28608331  0.19669871 12.8025    ]
[ 0.28168679  0.19436407 12.9925    ]
[ 0.28199485  0.19408742 12.93125   ]
[ 0.28177495  0.19424145 12.71125   ]
[ 0.28147457  0.19372306 12.5775    ]
[ 0.2786706   0.19239512 12.64375   ]
[ 0.27762878  0.19106125 12.67375   ]
[ 0.27338106  0.19044467 12.73625   ]
[ 0.26909934  0.18789007 12.58875   ]
[ 0.27102189  0.1890845  12.3525    ]
[ 0.26456258  0.18761659 12.39625   ]
[ 0.26696119  0.18856366 12.2275    ]
[ 0.26234324  0.18622356 12.31      ]
[ 0.26410743  0.18717562 12.14375   ]
[ 0.26433399  0.18737925 12.30625   ]
[ 0.26192376  0.18626521 12.26      ]
[ 0.25532966  0.18377502 12.49625   ]
[ 0.25576208  0.18310423 12.45875   ]
[ 0.25480399  0.18302409 12.49875   ]
[ 0.25315973  0.18335934 12.5025    ]
[ 0.25197263  0.18258605 12.5225    ]
[ 0.25102561  0.18283619 12.46125   ]
[ 0.25091367  0.18308616 12.46125   ]
[ 0.25128771  0.18342926 12.49      ]
[ 0.25000865  0.1822582  12.635     ]
[ 0.25095461  0.18243538 12.4725    ]
[ 0.24888926  0.18028073 12.48625   ]
[ 0.24935474  0.1796695  12.54      ]
[ 0.24937928  0.17940531 12.49875   ]
[ 0.24871523  0.17949516 12.53375   ]
[ 0.24928592  0.17965021 12.48875   ]
[ 0.24824745  0.17954468 12.61875   ]
[ 0.2500481   0.18105829 12.475     ]
[ 0.24623324  0.17950877 12.62625   ]
[ 0.2478001   0.18067955 12.57625   ]
[ 0.24614455  0.17966573 12.56625   ]
[ 0.24423387  0.17817591 12.61125   ]
[ 0.24558933  0.17784967 12.69375   ]
[ 0.24590189  0.1785427  12.44875   ]
[ 0.24316143  0.17727726 12.52125   ]
[ 0.24186218  0.17725322 12.5225    ]
[ 0.2397004   0.17669163 12.53625   ]
[ 0.23852924  0.17506433 12.6375    ]
[ 0.23663096  0.17387117 12.705     ]
[ 0.23468843  0.17383791 12.79      ]
[ 0.23459779  0.17344585 12.88375   ]
[ 0.23681032  0.17511122 12.485     ]
[ 0.23445798  0.17369229 12.635     ]
[ 0.23136974  0.17249899 12.63875   ]
[ 0.22938701  0.17080162 12.6375    ]
[ 0.22829805  0.17151634 12.685     ]
[ 0.22732399  0.17060203 12.6625    ]
[ 0.22842093  0.17105569 12.6775    ]
[ 0.22915005  0.17128901 12.69375   ]
[ 0.22971745  0.1712732  12.5725    ]
[ 0.22887052  0.17097313 12.57875   ]
[ 0.22928609  0.17116414 12.6625    ]
[ 0.22770582  0.17014648 12.77375   ]
[ 0.22882283  0.17011074 12.65375   ]
[ 0.22915844  0.17069724 12.625     ]
[ 0.2301744   0.17141201 12.56375   ]
[ 0.23148982  0.17247754 12.48125   ]
[ 0.23089544  0.1726023  12.49125   ]
[ 0.23013065  0.17296785 12.52125   ]
[ 0.23031776  0.17303911 12.52      ]
[ 0.23060618  0.17382998 12.42125   ]
[ 0.23080331  0.17516533 12.355     ]
[ 0.22630534  0.17353859 12.38625   ]
[ 0.22708547  0.1738157  12.31875   ]
[ 0.22638597  0.17467374 12.2075    ]
[ 0.22651035  0.17494763 12.15      ]
[ 0.22564625  0.17533198 12.135     ]
[ 0.22483177  0.17451008 12.145     ]
[ 0.2259313   0.17573388 12.0625    ]
[ 0.22394806  0.17379319 12.155     ]
[ 0.22479186  0.17341854 12.1225    ]
[ 0.22648015  0.17444742 11.96125   ]
[ 0.22696294  0.17459121 11.9025    ]
[ 0.22725753  0.17492872 11.8325    ]
[ 0.22737612  0.17447473 11.80625   ]
[ 0.22715029  0.17507147 11.76375   ]
[ 0.22793778  0.17485431 11.695     ]
[ 0.22761569  0.17450122 11.7125    ]
[ 0.22772621  0.17467577 11.66625   ]
[ 0.22816518  0.1745337  11.655     ]
[ 0.22842923  0.17424257 11.61875   ]
[ 0.22850767  0.17391846 11.5125    ]
[ 0.22932007  0.1742796  11.42875   ]
[ 0.22994265  0.17405166 11.42625   ]
[ 0.22965602  0.17362739 11.43875   ]
[ 0.23019197  0.17372497 11.35875   ]
[ 0.23062194  0.17379346 11.33375   ]
[ 0.2308098   0.17408905 11.33875   ]
[ 0.23044009  0.17377571 11.41375   ]
[ 0.23061786  0.17403608 11.38625   ]
[ 0.23052121  0.17385444 11.37125   ]
[ 0.23017979  0.17423352 11.39875   ]
[ 0.23000968  0.17457496 11.435     ]
[ 0.23012362  0.17497254 11.36375   ]
[ 0.22850416  0.173973   11.4       ]
[ 0.2288612   0.17437452 11.32      ]
[ 0.22796208  0.17376941 11.41      ]
[ 0.22187652  0.16985065 11.505     ]
[ 0.22213443  0.16981103 11.50375   ]
[ 0.2232502   0.17019537 11.4975    ]
[ 0.22279782  0.16982835 11.545     ]
[ 0.22281918  0.16981508 11.54875   ]
[ 0.22365249  0.1701902  11.5775    ]
[ 0.22391112  0.17103734 11.52875   ]
[ 0.22460419  0.1712587  11.51375   ]
[ 0.22476904  0.17095545 11.52875   ]
[ 0.22531668  0.17167077 11.40875   ]
[ 0.22445884  0.17136776 11.46625   ]
[ 0.22518426  0.1716488  11.3325    ]
[ 0.22554025  0.17186171 11.3225    ]
[ 0.2243735   0.17091983 11.47875   ]
[ 0.22399305  0.17146145 11.49125   ]
[ 0.22463421  0.17177879 11.3925    ]
[ 0.22431619  0.17197471 11.2875    ]
[ 0.22413451  0.17179517 11.3025    ]
[ 0.22405854  0.17177477 11.2775    ]
[ 0.22398824  0.17126382 11.27375   ]
[ 0.22438439  0.17142257 11.28375   ]
[ 0.2249118   0.17124476 11.28625   ]
[ 0.2256339   0.17157149 11.24      ]
[ 0.2257444   0.17190054 11.21625   ]
[ 0.22670415  0.17207451 11.11125   ]
[ 0.22703176  0.17266209 11.01375   ]
[ 0.22588465  0.17160549 11.07375   ]
[ 0.22668558  0.17188459 10.96625   ]
[ 0.22611496  0.17199789 11.00875   ]
[ 0.2267248   0.17190644 10.975     ]
[ 0.22629994  0.172063   10.94875   ]
[ 0.22565927  0.17152393 10.95625   ]
[ 0.22531679  0.17104043 10.98375   ]
[ 0.22574268  0.17119835 10.985     ]
[ 0.22511794  0.17123156 11.02125   ]
[ 0.2243148   0.17093164 11.1225    ]
[ 0.22388208  0.1708146  11.1475    ]
[ 0.22257173  0.16947183 11.20875   ]
[ 0.22259369  0.1690115  11.26125   ]
[ 0.22398364  0.16990613 11.19375   ]
[ 0.22444978  0.16996404 11.125     ]
[ 0.22467777  0.16993005 11.12125   ]
[ 0.22563826  0.1700331  11.02      ]
[ 0.22628506  0.17070499 10.96      ]
[ 0.22529493  0.17039596 11.01125   ]
[ 0.22539521  0.17104289 10.9375    ]
[ 0.22518167  0.17117882 10.9275    ]
[ 0.22537317  0.1716123  10.88625   ]
[ 0.22485286  0.17055308 10.9525    ]
[ 0.22464259  0.17059646 10.95375   ]
[ 0.22519985  0.17107376 10.92      ]
[ 0.22572842  0.17097558 10.8925    ]
[ 0.22576802  0.17082401 10.895     ]
[ 0.22596528  0.1711952  10.84375   ]
[ 0.22566886  0.17091767 10.865     ]
[ 0.22492921  0.17093281 10.89375   ]
[ 0.22505478  0.17070258 10.9025    ]
[ 0.22476068  0.17055746 10.90625   ]
[ 0.22604253  0.17045568 10.86125   ]
[ 0.22743863  0.17122255 10.82125   ]
[ 0.22688434  0.17105157 10.8675    ]



Individual 107
Population size: 800
Generations: 200
Seed: 29
Max features: 60
Crossover probability: 0.9
Mutation probability: 1.0
Pool proportion (to population size): 0.5
Mean fitness values of each generation
[ 0.65377778  0.44708986 30.5075    ]
[ 0.63819318  0.43413721 26.72625   ]
[ 0.62950904  0.42724266 24.04125   ]
[ 0.61932793  0.41932895 22.38875   ]
[ 0.61655518  0.41160211 20.5625    ]
[ 0.60152213  0.40200753 20.175     ]
[ 0.58728339  0.39134264 19.32625   ]
[ 0.58569297  0.38879873 18.22125   ]
[ 0.58759002  0.3866755  16.875     ]
[ 0.57385414  0.37606178 16.11375   ]
[ 0.55646869  0.3636328  16.62625   ]
[ 0.54189399  0.35166542 16.6575    ]
[ 0.53609296  0.34628244 15.94875   ]
[ 0.51954083  0.33437434 16.0475    ]
[ 0.50723017  0.32256233 15.85125   ]
[ 0.50610294  0.32150661 15.1325    ]
[ 0.49434391  0.31165442 15.10875   ]
[ 0.48199996  0.30267583 15.10125   ]
[ 0.47406018  0.2959968  15.0525    ]
[ 0.47056498  0.29269097 14.89      ]
[ 0.46810978  0.28938033 14.59      ]
[ 0.45501513  0.28081955 14.84125   ]
[ 0.45313894  0.27772476 14.41375   ]
[ 0.44506794  0.27144072 14.18875   ]
[ 0.44645509  0.27088889 13.77125   ]
[ 0.44182188  0.26670492 13.5925    ]
[ 0.4355558   0.26082873 13.7975    ]
[ 0.43252841  0.25881697 13.5975    ]
[ 0.42787446  0.25574839 13.545     ]
[ 0.42493454  0.25360296 13.275     ]
[ 0.41904809  0.24851199 13.65875   ]
[ 0.41245458  0.24531018 13.825     ]
[ 0.40561814  0.242516   14.075     ]
[ 0.39884761  0.23927701 14.25125   ]
[ 0.39063217  0.23472518 14.4225    ]
[ 0.39318874  0.23516121 14.32      ]
[ 0.39333494  0.23522835 13.96875   ]
[ 0.38896689  0.23358221 14.1025    ]
[ 0.38877306  0.23362056 14.00375   ]
[ 0.38426543  0.23204152 14.26      ]
[ 0.37700311  0.2274966  14.575     ]
[ 0.3762828   0.22807582 14.65625   ]
[ 0.37257924  0.22556827 14.67125   ]
[ 0.36911786  0.22317407 14.9075    ]
[ 0.36721969  0.22177851 14.85      ]
[ 0.36416437  0.21962618 14.8325    ]
[ 0.3611197   0.21738763 15.115     ]
[ 0.35832331  0.21555063 15.0375    ]
[ 0.35553713  0.21282656 15.4       ]
[ 0.35400883  0.21031014 15.495     ]
[ 0.35421729  0.21052828 15.34125   ]
[ 0.35294378  0.20955343 14.95875   ]
[ 0.35027125  0.20812215 15.15625   ]
[ 0.34749615  0.20555534 15.1725    ]
[ 0.34707116  0.20466389 15.2075    ]
[ 0.34602783  0.20368554 15.175     ]
[ 0.34587557  0.20348641 14.96625   ]
[ 0.34398854  0.20151496 15.0125    ]
[ 0.34391202  0.20182379 14.8975    ]
[ 0.3402237   0.19965384 15.05125   ]
[ 0.33861504  0.19897398 15.19875   ]
[ 0.33675002  0.19762095 15.40125   ]
[ 0.33742376  0.19724087 15.32375   ]
[ 0.33646504  0.19628197 15.3225    ]
[ 0.3338378   0.19409026 15.52125   ]
[ 0.3309443   0.19116416 15.515     ]
[ 0.32501947  0.18782328 15.57625   ]
[ 0.32360486  0.18767387 15.34875   ]
[ 0.32286812  0.18658475 15.35125   ]
[ 0.32203751  0.18585631 15.3925    ]
[ 0.320841    0.18563867 15.34      ]
[ 0.32021411  0.18421499 15.4275    ]
[ 0.32073095  0.18431044 15.325     ]
[ 0.32030983  0.18402793 15.2425    ]
[ 0.32005623  0.18496855 14.97875   ]
[ 0.31947303  0.18522811 15.03125   ]
[ 0.31912647  0.18538616 14.8325    ]
[ 0.31891057  0.18365431 14.89      ]
[ 0.31935508  0.18368592 14.86375   ]
[ 0.31890335  0.18435926 14.60625   ]
[ 0.31396519  0.18173692 14.93125   ]
[ 0.31400956  0.18165196 14.9025    ]
[ 0.31317269  0.18070893 14.98      ]
[ 0.31324672  0.18020856 14.95125   ]
[ 0.31299281  0.18030903 14.865     ]
[ 0.31191339  0.18018415 14.84      ]
[ 0.31163982  0.1798637  14.85875   ]
[ 0.31214707  0.17949052 14.795     ]
[ 0.31236712  0.18034579 14.65125   ]
[ 0.31174573  0.17951562 14.6675    ]
[ 0.31124181  0.17804359 14.77125   ]
[ 0.3100234   0.17628224 14.74125   ]
[ 0.3114167   0.17677443 14.71125   ]
[ 0.30956894  0.17637964 14.82125   ]
[ 0.30983139  0.17644592 14.80875   ]
[ 0.30952794  0.17717866 14.645     ]
[ 0.30763559  0.1758696  14.75375   ]
[ 0.30626906  0.17501329 14.8025    ]
[ 0.30487302  0.17375236 14.8875    ]
[ 0.30589342  0.1737358  14.78      ]
[ 0.30629179  0.17373608 14.67125   ]
[ 0.30659717  0.17350538 14.60875   ]
[ 0.30688198  0.17296238 14.48125   ]
[ 0.30505171  0.17224572 14.565     ]
[ 0.30495744  0.17200795 14.57      ]
[ 0.30390364  0.17229295 14.5775    ]
[ 0.30293467  0.17163701 14.62875   ]
[ 0.30094667  0.1702706  14.7525    ]
[ 0.29520803  0.16605311 14.895     ]
[ 0.29864919  0.16837095 14.525     ]
[ 0.29730135  0.16724856 14.44      ]
[ 0.30012571  0.16898834 14.245     ]
[ 0.30003468  0.16936957 14.18375   ]
[ 0.30141516  0.16975799 14.15875   ]
[ 0.2999425   0.16889997 14.22375   ]
[ 0.30143513  0.16954192 14.04875   ]
[ 0.30141958  0.1690867  13.9525    ]
[ 0.30165204  0.16908019 13.95625   ]
[ 0.30125505  0.16880347 13.93      ]
[ 0.29959513  0.16775009 14.0825    ]
[ 0.29850962  0.16629774 14.175     ]
[ 0.30089728  0.16734995 14.06875   ]
[ 0.30135255  0.16842994 14.00625   ]
[ 0.29929739  0.16668123 14.16875   ]
[ 0.29680781  0.16514612 14.1725    ]
[ 0.29727025  0.16489598 14.15875   ]
[ 0.29817829  0.16535964 14.11875   ]
[ 0.29673846  0.16423967 14.18375   ]
[ 0.29573981  0.16349857 14.2875    ]
[ 0.30011452  0.1665298  13.83375   ]
[ 0.29904668  0.16566948 13.975     ]
[ 0.29905408  0.16561741 13.8725    ]
[ 0.2986648   0.16562882 13.8275    ]
[ 0.29851856  0.16581546 13.74375   ]
[ 0.29876205  0.16603802 13.745     ]
[ 0.29707505  0.16471228 13.70625   ]
[ 0.29618273  0.16417676 13.805     ]
[ 0.29807901  0.16623228 13.6725    ]
[ 0.29897411  0.16618519 13.6425    ]
[ 0.29967801  0.16702855 13.565     ]
[ 0.29899383  0.16690907 13.58625   ]
[ 0.29879736  0.16637588 13.585     ]
[ 0.29738704  0.16550997 13.6125    ]
[ 0.29454826  0.16311091 13.75625   ]
[ 0.29683827  0.16469792 13.68      ]
[ 0.29685734  0.16508463 13.64375   ]
[ 0.29586851  0.16434523 13.64      ]
[ 0.29513082  0.16340291 13.67375   ]
[ 0.29470915  0.16322088 13.69125   ]
[ 0.29498551  0.16360443 13.78125   ]
[ 0.29464217  0.16326384 13.825     ]
[ 0.29499875  0.16374695 13.85125   ]
[ 0.29318219  0.16294275 14.04375   ]
[ 0.29427542  0.16334769 13.8925    ]
[ 0.29383721  0.16352582 13.87      ]
[ 0.29365424  0.16349217 13.97      ]
[ 0.2941464   0.16336709 13.88125   ]
[ 0.29297892  0.16260419 13.9475    ]
[ 0.2929492   0.16241907 13.97125   ]
[ 0.29067628  0.16124897 14.0825    ]
[ 0.2898197   0.16068904 14.07125   ]
[ 0.28970448  0.16132896 14.01      ]
[ 0.29027424  0.16122716 14.02625   ]
[ 0.29012656  0.16134182 14.02125   ]
[ 0.29056899  0.16157074 14.03      ]
[ 0.2914317   0.16194777 13.88875   ]
[ 0.29558717  0.16449933 13.55      ]
[ 0.29569336  0.1638681  13.5575    ]
[ 0.29666702  0.16446181 13.55125   ]
[ 0.29722509  0.16427325 13.46      ]
[ 0.29414677  0.16199396 13.54375   ]
[ 0.29410547  0.1620117  13.525     ]
[ 0.29367572  0.16147668 13.57875   ]
[ 0.29381341  0.1616657  13.54      ]
[ 0.29204527  0.16082485 13.595     ]
[ 0.29156327  0.16056444 13.6225    ]
[ 0.29231405  0.1611831  13.65      ]
[ 0.29148657  0.16103061 13.735     ]
[ 0.29011474  0.15980735 13.76875   ]
[ 0.28988352  0.15971734 13.765     ]
[ 0.2931777   0.16136714 13.50875   ]
[ 0.29547238  0.16237805 13.3025    ]
[ 0.29518677  0.1621105  13.33      ]
[ 0.29513794  0.16163872 13.3175    ]
[ 0.29352603  0.16021489 13.37      ]
[ 0.29143709  0.15904556 13.395     ]
[ 0.29131348  0.15869494 13.40875   ]
[ 0.29125183  0.15867332 13.42      ]
[ 0.29036488  0.15876991 13.43625   ]
[ 0.28987938  0.15830804 13.4525    ]
[ 0.29015391  0.15849354 13.4525    ]
[ 0.2905626   0.15848409 13.41625   ]
[ 0.28973357  0.15807578 13.55      ]
[ 0.28984937  0.1577891  13.5075    ]
[ 0.29336349  0.1596545  13.24875   ]
[ 0.29086547  0.15873399 13.24625   ]
[ 0.29080242  0.15883922 13.22375   ]
[ 0.29113085  0.15901163 13.17875   ]
[ 0.29083613  0.1588583  13.22      ]
[ 0.29268843  0.16093374 13.1025    ]
[ 0.29269112  0.16109451 13.105     ]



Individual 110
Population size: 800
Generations: 200
Seed: 29
Max features: 60
Crossover probability: 0.9
Mutation probability: 1.0
Pool proportion (to population size): 0.5
Mean fitness values of each generation
[ 0.68634627  0.44059663 30.5075    ]
[ 0.66889437  0.42880714 26.67      ]
[ 0.64986046  0.41609226 25.58625   ]
[ 0.64276302  0.41071587 23.05125   ]
[ 0.63354795  0.40457837 21.4175    ]
[ 0.62911945  0.40121944 19.49125   ]
[ 0.61192317  0.38989623 18.60875   ]
[ 0.59213954  0.37945952 18.06125   ]
[ 0.58221147  0.37553849 17.02      ]
[ 0.57079647  0.3675504  16.24875   ]
[ 0.55566714  0.36075754 15.705     ]
[ 0.54478305  0.35518036 15.72875   ]
[ 0.53718034  0.34632202 15.3025    ]
[ 0.53102923  0.34474544 14.6325    ]
[ 0.51718744  0.33574187 14.91125   ]
[ 0.50114393  0.32420675 14.78      ]
[ 0.48860395  0.31829901 14.41875   ]
[ 0.4826806   0.31553512 14.40625   ]
[ 0.4667565   0.30545179 14.65375   ]
[ 0.4621728   0.30157956 14.49875   ]
[ 0.45754593  0.29806687 14.2725    ]
[ 0.45378214  0.29410754 13.9625    ]
[ 0.44541614  0.28866508 14.16125   ]
[ 0.44067635  0.28495099 14.03125   ]
[ 0.44039529  0.28534286 13.41875   ]
[ 0.43325072  0.28120258 13.78      ]
[ 0.42776743  0.27776687 13.61625   ]
[ 0.41915457  0.27116508 13.91125   ]
[ 0.41115746  0.26472083 14.045     ]
[ 0.41035497  0.26377183 13.9925    ]
[ 0.41129871  0.2645006  13.495     ]
[ 0.40931947  0.26216071 13.40125   ]
[ 0.4024716   0.25684484 13.51125   ]
[ 0.40202446  0.25437123 13.31375   ]
[ 0.39677722  0.25062639 13.5       ]
[ 0.39564916  0.24898095 13.34875   ]
[ 0.39369165  0.24758571 13.3425    ]
[ 0.38926471  0.24495238 13.46625   ]
[ 0.38713066  0.24349107 13.5375    ]
[ 0.38725588  0.24267083 13.38      ]
[ 0.38388758  0.2431246  13.4125    ]
[ 0.37799394  0.23952917 13.43      ]
[ 0.37555408  0.23865377 13.51625   ]
[ 0.37623962  0.23796607 13.32625   ]
[ 0.37399902  0.23685635 13.39      ]
[ 0.36988774  0.2338631  13.69875   ]
[ 0.36684237  0.22973929 13.87125   ]
[ 0.36312863  0.22699603 14.15625   ]
[ 0.36120337  0.22423194 14.35875   ]
[ 0.3579961   0.22245198 14.6625    ]
[ 0.3546155   0.21964107 14.775     ]
[ 0.35482469  0.21867321 14.76      ]
[ 0.35164432  0.21696111 14.825     ]
[ 0.3488356   0.21626925 14.99875   ]
[ 0.34738681  0.21378294 14.88875   ]
[ 0.34691294  0.21445615 14.8575    ]
[ 0.34513864  0.21136091 14.99125   ]
[ 0.34010745  0.20873036 15.1725    ]
[ 0.34121158  0.20868274 14.935     ]
[ 0.34141404  0.20978889 14.61625   ]
[ 0.34002618  0.20909762 14.55625   ]
[ 0.34155669  0.21010575 14.59625   ]
[ 0.33844894  0.20905417 14.57125   ]
[ 0.33917329  0.21008532 14.5125    ]
[ 0.33852843  0.20947341 14.69625   ]
[ 0.33471273  0.20645238 14.945     ]
[ 0.33559092  0.2061121  14.70625   ]
[ 0.33554793  0.2058752  14.745     ]
[ 0.33533469  0.20559425 14.7325    ]
[ 0.33609728  0.2070127  14.49875   ]
[ 0.33517048  0.20645992 14.53625   ]
[ 0.33576136  0.20654901 14.35      ]
[ 0.33119825  0.2039625  14.63375   ]
[ 0.33056697  0.20365298 14.64125   ]
[ 0.33018652  0.20322937 14.615     ]
[ 0.33015578  0.20286984 14.58875   ]
[ 0.32999785  0.20172143 14.5625    ]
[ 0.32947251  0.2013129  14.39875   ]
[ 0.32956748  0.20189722 14.21625   ]
[ 0.32924065  0.20163591 14.27875   ]
[ 0.3286305   0.20110734 14.175     ]
[ 0.32806382  0.20102381 14.18125   ]
[ 0.32586249  0.20021667 14.2825    ]
[ 0.32593957  0.19980714 14.1075    ]
[ 0.32572966  0.19948452 14.09875   ]
[ 0.32582307  0.19975278 14.14      ]
[ 0.32369996  0.19949266 14.065     ]
[ 0.32266741  0.19923631 14.11875   ]
[ 0.32301414  0.19879286 14.09875   ]
[ 0.32190073  0.19810079 14.155     ]
[ 0.32205806  0.19781627 14.0575    ]
[ 0.32249061  0.19829524 13.9825    ]
[ 0.32169042  0.19790377 14.0325    ]
[ 0.32133144  0.19863214 13.91125   ]
[ 0.32151165  0.19757937 13.81      ]
[ 0.3220904  0.19815   13.785    ]
[ 0.31769031  0.19448254 14.14125   ]
[ 0.31552762  0.19293313 14.3       ]
[ 0.31575643  0.1931627  14.2625    ]
[ 0.31496625  0.1927994  14.32875   ]
[ 0.31368114  0.19195516 14.095     ]
[ 0.31138789  0.19076726 14.30875   ]
[ 0.31201882  0.19146369 14.0325    ]
[ 0.31116443  0.19141587 14.01875   ]
[ 0.31093365  0.19155992 13.98125   ]
[ 0.31119656  0.19189563 13.93875   ]
[ 0.31045906  0.19161944 13.96875   ]
[ 0.30966933  0.19141667 13.9775    ]
[ 0.30991859  0.19188254 14.0675    ]
[ 0.30977059  0.19186706 14.01625   ]
[ 0.30959154  0.19118631 14.07375   ]
[ 0.30912775  0.19103254 14.05125   ]
[ 0.30869554  0.19118889 13.9975    ]
[ 0.30898296  0.19025337 14.09125   ]
[ 0.30823511  0.18925397 14.2775    ]
[ 0.30767683  0.18904147 14.27375   ]
[ 0.30811916  0.18856607 14.19375   ]
[ 0.30812807  0.18842361 14.23125   ]
[ 0.30749682  0.18832579 14.30875   ]
[ 0.306718    0.18752163 14.335     ]
[ 0.30621338  0.18722361 14.32875   ]
[ 0.304907    0.18693393 14.3525    ]
[ 0.30280397  0.18508254 14.48625   ]
[ 0.30364374  0.18567321 14.40375   ]
[ 0.3018951   0.18501944 14.5625    ]
[ 0.30036945  0.18410972 14.69      ]
[ 0.29985425  0.18241667 14.73875   ]
[ 0.29950742  0.18209385 14.71      ]
[ 0.29938051  0.18199345 14.71      ]
[ 0.30023379  0.18197659 14.605     ]
[ 0.30057878  0.18232202 14.57375   ]
[ 0.30039773  0.18267004 14.57875   ]
[ 0.30034296  0.18289266 14.555     ]
[ 0.2987452   0.18139087 14.715     ]
[ 0.29875441  0.18158591 14.69375   ]
[ 0.29653708  0.18016567 14.84625   ]
[ 0.29537719  0.18004702 14.91375   ]
[ 0.29418874  0.17909901 14.98875   ]
[ 0.29267316  0.17853056 15.1475    ]
[ 0.29194668  0.17822063 15.12375   ]
[ 0.29230459  0.17781409 15.135     ]
[ 0.29171425  0.17736905 15.18375   ]
[ 0.29196794  0.17711766 15.1325    ]
[ 0.29174771  0.17650893 15.24625   ]
[ 0.29171942  0.17735992 15.2525    ]
[ 0.29062469  0.1769498  15.3325    ]
[ 0.29083399  0.17747917 15.22875   ]
[ 0.28935109  0.17711885 15.26      ]
[ 0.28911194  0.17647877 15.235     ]
[ 0.28964877  0.17699802 15.19      ]
[ 0.29024828  0.17715675 15.195     ]
[ 0.29048975  0.17728333 15.16      ]
[ 0.28991156  0.17606925 15.225     ]
[ 0.29021707  0.17591488 15.21125   ]
[ 0.29024845  0.17622044 15.12125   ]
[ 0.29011156  0.17590794 15.125     ]
[ 0.2890591  0.1746629 15.2875   ]
[ 0.28866982  0.17487302 15.2225    ]
[ 0.28918452  0.17514306 15.11125   ]
[ 0.28907969  0.17465456 15.12875   ]
[ 0.28581914  0.17223433 15.3375    ]
[ 0.28248081  0.16964702 15.3975    ]
[ 0.2812381   0.16915377 15.40375   ]
[ 0.28026196  0.16854306 15.41625   ]
[ 0.28100819  0.1689125  15.495     ]
[ 0.27943043  0.16805278 15.4925    ]
[ 0.27947214  0.16807758 15.4975    ]
[ 0.28301698  0.17061845 15.21375   ]
[ 0.2835642  0.1709994 15.1325   ]
[ 0.28333238  0.17109821 15.125     ]
[ 0.28272468  0.1714998  15.06625   ]
[ 0.28361934  0.17147163 14.95625   ]
[ 0.28316878  0.17073849 14.94      ]
[ 0.28376919  0.17081032 14.90625   ]
[ 0.2842524   0.17128274 14.81875   ]
[ 0.28577262  0.17200337 14.67      ]
[ 0.28576706  0.17209167 14.69375   ]
[ 0.28527315  0.17216111 14.6675    ]
[ 0.28425153  0.17165198 14.72      ]
[ 0.28493598  0.17236548 14.59375   ]
[ 0.28371302  0.17196905 14.7375    ]
[ 0.28282686  0.17154742 14.84      ]
[ 0.2828274   0.17135099 14.83625   ]
[ 0.28213109  0.17086687 14.93625   ]
[ 0.28233284  0.17052679 14.8925    ]
[ 0.28178632  0.17013909 14.8225    ]
[ 0.28158446  0.17016032 14.8075    ]
[ 0.28222374  0.17035694 14.77      ]
[ 0.28168766  0.1695494  14.77625   ]
[ 0.28075074  0.16914425 14.815     ]
[ 0.28062369  0.16924901 14.83125   ]
[ 0.27710299  0.16732857 14.99125   ]
[ 0.27825996  0.16805853 14.8875    ]
[ 0.27554453  0.16618135 14.91375   ]
[ 0.27553387  0.16634861 14.8925    ]
[ 0.27470195  0.16628413 14.9825    ]
[ 0.27495421  0.16632718 14.90375   ]
[ 0.27477464  0.16646647 14.8925    ]
[ 0.27412185  0.16608829 14.95625   ]
[ 0.27441697  0.16646409 14.81375   ]
[ 0.27459589  0.16650595 14.7925    ]



