Fitness metrics: KappaLoss, CrossValidationLoss

Individual 104
Population size: 800
Generations: 200
Seed: 29
Max features: 50
Crossover probability: 0.9
Mutation probability: 1.0
Pool proportion (to population size): 0.5
Mean fitness values of each generation
[0.79465503 0.48708682]
[0.7112521  0.43110822]
[0.65603388 0.39661529]
[0.60985458 0.36936372]
[0.5618948 0.3444528]
[0.52297702 0.32148856]
[0.48192209 0.3017474 ]
[0.45126134 0.28641685]
[0.41964547 0.27015923]
[0.39199593 0.25687313]
[0.36964929 0.24606658]
[0.34763162 0.23585479]
[0.33004616 0.22585709]
[0.31301274 0.21765181]
[0.29909658 0.20998536]
[0.28541755 0.20198082]
[0.2735179  0.19469189]
[0.26107292 0.18757738]
[0.25320133 0.18018881]
[0.24450436 0.17444857]
[0.23762713 0.16885317]
[0.2296427  0.16380143]
[0.22303307 0.16001654]
[0.21618094 0.1555231 ]
[0.20891972 0.1509687 ]
[0.20212123 0.14797171]
[0.19801875 0.14454397]
[0.19370075 0.14188206]
[0.19072664 0.13864137]
[0.18824637 0.13582696]
[0.18507957 0.13355731]
[0.17954167 0.13272684]
[0.17847505 0.13030148]
[0.17519194 0.12800163]
[0.17258575 0.12614994]
[0.16963926 0.12447244]
[0.16812107 0.12272639]
[0.16468826 0.12225827]
[0.16256079 0.12103248]
[0.16157689 0.11909583]
[0.15978521 0.1177976 ]
[0.15763027 0.11661013]
[0.15525783 0.11609313]
[0.15345573 0.11495454]
[0.15324792 0.11359435]
[0.15167257 0.11272016]
[0.15080533 0.11165917]
[0.14934552 0.11040713]
[0.14864509 0.10887853]
[0.14822043 0.10779   ]
[0.14613449 0.1067655 ]
[0.14440921 0.10652006]
[0.14350791 0.10515946]
[0.14260669 0.10444069]
[0.14123587 0.10419478]
[0.13781458 0.10409894]
[0.13647382 0.10331239]
[0.13638638 0.10229677]
[0.13540294 0.10164524]
[0.13364222 0.10133235]
[0.13308963 0.1003704 ]
[0.13215114 0.09994479]
[0.13123529 0.099168  ]
[0.1306817  0.09780191]
[0.1293687  0.09764685]
[0.12901805 0.09696742]
[0.12829792 0.09612063]
[0.12783449 0.09527038]
[0.12753966 0.09469363]
[0.12535041 0.09493722]
[0.12309596 0.09496459]
[0.12200525 0.09471303]
[0.11996093 0.09485332]
[0.11943268 0.0937767 ]
[0.1184997  0.09305479]
[0.11750461 0.09235103]
[0.11622579 0.09177254]
[0.11588811 0.09099365]
[0.11520694 0.08999227]
[0.11343742 0.08924143]
[0.11254785 0.08833944]
[0.11170943 0.08754574]
[0.10913743 0.08735779]
[0.1076688  0.08706401]
[0.10695845 0.08617804]
[0.10670175 0.08538353]
[0.10564259 0.0849913 ]
[0.10481482 0.08470108]
[0.10442337 0.08410806]
[0.10514218 0.08273865]
[0.10338491 0.0823944 ]
[0.10265438 0.08163281]
[0.10217959 0.08094551]
[0.10250835 0.0803072 ]
[0.10171407 0.07985116]
[0.10241014 0.07873735]
[0.10129042 0.07799353]
[0.10097001 0.07741393]
[0.10030332 0.07679153]
[0.09837604 0.07659239]
[0.09849194 0.07594542]
[0.09832179 0.0749089 ]
[0.0976113  0.07434151]
[0.09660565 0.07348802]
[0.09679527 0.07274056]
[0.09596869 0.07250098]
[0.0952912  0.07196965]
[0.09429936 0.07162671]
[0.09387668 0.07116255]
[0.09288344 0.07088424]
[0.09334909 0.0697891 ]
[0.09286011 0.06930021]
[0.09266993 0.06860672]
[0.09021992 0.0687938 ]
[0.09000842 0.06820133]
[0.08969122 0.06788361]
[0.08825621 0.06777263]
[0.08762134 0.06750006]
[0.08680664 0.06741893]
[0.08648892 0.06706029]
[0.08674053 0.06646977]
[0.08652923 0.06586589]
[0.08627502 0.06515277]
[0.08649761 0.06446443]
[0.08604394 0.06437721]
[0.08554702 0.06416508]
[0.08498696 0.06386393]
[0.08453287 0.0637084 ]
[0.0837298  0.06356172]
[0.08375145 0.06312819]
[0.08280114 0.06282746]
[0.08214741 0.06265736]
[0.08199103 0.06233981]
[0.08093225 0.06224965]
[0.08094198 0.06168857]
[0.08015045 0.06136677]
[0.07888455 0.06119616]
[0.0773852  0.06147649]
[0.07691838 0.0611465 ]
[0.07642056 0.06090737]
[0.07566219 0.06085792]
[0.07512339 0.0605563 ]
[0.07427816 0.06040557]
[0.07369866 0.06019072]
[0.0728134  0.06018594]
[0.07262369 0.05987541]
[0.07172703 0.05991695]
[0.0710195  0.05978763]
[0.07069199 0.05962698]
[0.06990962 0.05967608]
[0.06887763 0.05999708]
[0.06856053 0.05965862]
[0.06781236 0.05944228]
[0.06696794 0.05950545]
[0.06667212 0.05931653]
[0.06621744 0.05924384]
[0.06585828 0.05900345]
[0.06586878 0.05860974]
[0.06542563 0.05848125]
[0.06516328 0.05823602]
[0.06477356 0.05791161]
[0.06382443 0.05793986]
[0.06328698 0.05792366]
[0.06282363 0.05803579]
[0.06227606 0.05821356]
[0.06185494 0.05838918]
[0.06155009 0.05839108]
[0.06132874 0.05833481]
[0.06133924 0.05808217]
[0.06121306 0.05790339]
[0.06086518 0.05768473]
[0.06108672 0.05736443]
[0.06118166 0.05705189]
[0.06124481 0.05679897]
[0.06130814 0.0565339 ]
[0.06129748 0.05624991]
[0.06107584 0.0560843 ]
[0.06072834 0.05591687]
[0.06057018 0.05583946]
[0.06020088 0.05579434]
[0.06020084 0.05579434]
[0.06020079 0.05578797]
[0.06014801 0.0557957 ]
[0.06016909 0.05578759]
[0.06014779 0.05579473]
[0.06014774 0.05579434]
[0.06014764 0.05580051]
[0.06014758 0.05580013]
[0.06018969 0.05577792]
[0.06020009 0.05577019]
[0.06017889 0.05577019]
[0.06017879 0.0557698 ]
[0.06019963 0.05578369]
[0.06023113 0.05576786]
[0.06024159 0.0557667 ]
[0.06026259 0.05575879]
[0.06026246 0.05575879]
[0.06028338 0.05573736]
[0.06031477 0.05571574]
[0.06024077 0.05572405]
[0.06021962 0.05573755]



Individual 107
Population size: 800
Generations: 200
Seed: 29
Max features: 50
Crossover probability: 0.9
Mutation probability: 1.0
Pool proportion (to population size): 0.5
Mean fitness values of each generation
[0.72764533 0.48001728]
[0.66618971 0.43535955]
[0.63680711 0.41579735]
[0.60895922 0.39618589]
[0.58914013 0.38063074]
[0.56942373 0.36439312]
[0.54793186 0.35204533]
[0.52852657 0.33776053]
[0.50870799 0.32400857]
[0.49231543 0.31067045]
[0.47551973 0.29725121]
[0.45981413 0.28752453]
[0.44617791 0.27719491]
[0.43533714 0.26725752]
[0.42600184 0.25868662]
[0.41752447 0.25070923]
[0.41023551 0.24194301]
[0.4002594  0.23574611]
[0.39391066 0.22899089]
[0.38445317 0.2232081 ]
[0.37796617 0.21834135]
[0.3718345 0.2147406]
[0.3649514  0.21098946]
[0.35889515 0.20661044]
[0.35354587 0.20181366]
[0.34874945 0.19808904]
[0.34211204 0.1955325 ]
[0.33728893 0.1931794 ]
[0.33324541 0.19136382]
[0.32820018 0.18742039]
[0.32407795 0.18399359]
[0.32079029 0.1809847 ]
[0.31759064 0.17868354]
[0.31409579 0.17582502]
[0.310763   0.17348495]
[0.3074569  0.17185242]
[0.30311357 0.16886645]
[0.30040031 0.16629454]
[0.29693658 0.16424236]
[0.29140626 0.16424176]
[0.2896302  0.16215818]
[0.28825726 0.15982151]
[0.28568056 0.15821331]
[0.28334105 0.15617594]
[0.28148593 0.15416552]
[0.27911719 0.1529096 ]
[0.27694636 0.151783  ]
[0.2747298  0.14976678]
[0.27309434 0.14725364]
[0.27021978 0.14639915]
[0.26885366 0.14493907]
[0.26614865 0.14295195]
[0.26348443 0.14197775]
[0.26149811 0.14040024]
[0.25926093 0.13944017]
[0.25635483 0.13890315]
[0.25398234 0.13814511]
[0.25224716 0.13730386]
[0.25076891 0.13647023]
[0.24990714 0.1341385 ]
[0.24831072 0.13319535]
[0.24656379 0.13182324]
[0.24518578 0.13038462]
[0.24305479 0.12980454]
[0.24205732 0.12823123]
[0.24192469 0.12698378]
[0.24283094 0.12551888]
[0.24167916 0.12483614]
[0.23967137 0.12476533]
[0.23893378 0.1237798 ]
[0.23759196 0.12273224]
[0.23697242 0.12145989]
[0.23579718 0.12039548]
[0.23508467 0.11919483]
[0.23502079 0.11791218]
[0.23555676 0.11605613]
[0.23468262 0.11538916]
[0.23271719 0.11504627]
[0.23234985 0.11399018]
[0.23102491 0.11367216]
[0.22984859 0.11332962]
[0.2279131  0.11321333]
[0.22649658 0.11290794]
[0.22478452 0.11291898]
[0.22430375 0.11185859]
[0.22346369 0.11112408]
[0.22290699 0.11054594]
[0.2202149  0.11059749]
[0.21886116 0.11018422]
[0.21839902 0.10934649]
[0.21859667 0.1084627 ]
[0.21760005 0.10854631]
[0.21690546 0.10811915]
[0.21564406 0.10816424]
[0.21525445 0.10760948]
[0.21450719 0.10723536]
[0.21299307 0.10723384]
[0.21350728 0.10578803]
[0.21378978 0.10447075]
[0.21353875 0.10414375]
[0.2126772  0.10374637]
[0.21234268 0.10336646]
[0.21235293 0.10287752]
[0.21204563 0.10199133]
[0.21238121 0.1011512 ]
[0.21081513 0.10074685]
[0.21004928 0.10054745]
[0.20935363 0.10016876]
[0.2092679  0.09953332]
[0.20877561 0.09882798]
[0.20857528 0.09834016]
[0.20856378 0.09768524]
[0.20943397 0.09646355]
[0.20830775 0.09639657]
[0.20744498 0.09627032]
[0.20752698 0.09553601]
[0.20720305 0.09546676]
[0.20623669 0.09556348]
[0.2059735  0.09505186]
[0.20491473 0.09514341]
[0.20490389 0.09443251]
[0.20192024 0.09470965]
[0.2015202 0.0940768]
[0.20082668 0.09383315]
[0.20139412 0.09247926]
[0.20256168 0.09117979]
[0.20155141 0.09119307]
[0.20066898 0.09071388]
[0.20057486 0.09005828]
[0.19997782 0.08950659]
[0.19892838 0.08932344]
[0.19936061 0.08820887]
[0.19958234 0.08765196]
[0.19831168 0.08752489]
[0.19811189 0.08701474]
[0.19746975 0.08696033]
[0.19644946 0.08693398]
[0.19521003 0.08676969]
[0.19544164 0.08584178]
[0.19560996 0.08534863]
[0.19396082 0.08518194]
[0.19326669 0.0847308 ]
[0.19217506 0.08436316]
[0.19109061 0.08440932]
[0.19002936 0.0839757 ]
[0.18995646 0.0834505 ]
[0.18905273 0.08325568]
[0.18798049 0.08313184]
[0.18697169 0.08302021]
[0.18603804 0.08272554]
[0.18614207 0.08178348]
[0.18667671 0.08107542]
[0.18708638 0.08016913]
[0.18671901 0.07985263]
[0.18589013 0.07975394]
[0.18570983 0.07923986]
[0.18419427 0.07905292]
[0.18382609 0.07860601]
[0.1823313  0.07863622]
[0.18018879 0.07871386]
[0.17843291 0.07878699]
[0.17684613 0.07897699]
[0.17613272 0.07879207]
[0.17558461 0.07855056]
[0.17443967 0.07852655]
[0.17439624 0.07783583]
[0.17453168 0.07722894]
[0.17414328 0.07705269]
[0.17271266 0.07726765]
[0.17261825 0.0767829 ]
[0.17065208 0.07701783]
[0.17019017 0.07677324]
[0.16901253 0.07686661]
[0.16835952 0.07637777]
[0.16760302 0.07643548]
[0.16725589 0.07609938]
[0.16711792 0.07576267]
[0.1670116  0.07537464]
[0.16651729 0.07529263]
[0.16622223 0.07504188]
[0.16519205 0.07500457]
[0.16438341 0.07497022]
[0.16385857 0.07472645]
[0.16372147 0.07433146]
[0.16399472 0.07369672]
[0.16352228 0.07355547]
[0.16297495 0.07360167]
[0.1631217  0.07342375]
[0.16233441 0.07328936]
[0.16192383 0.07303739]
[0.16167102 0.0725824 ]
[0.16180783 0.07224148]
[0.16098772 0.07225029]
[0.16072529 0.07198407]
[0.16024104 0.07182927]
[0.16006297 0.07150576]
[0.16002083 0.07106333]
[0.1604832  0.07045313]
[0.15978967 0.07034484]
[0.15923119 0.07022551]
[0.1587892  0.07020161]



Individual 110
Population size: 800
Generations: 200
Seed: 29
Max features: 50
Crossover probability: 0.9
Mutation probability: 1.0
Pool proportion (to population size): 0.5
Mean fitness values of each generation
[0.72311408 0.46887202]
[0.65910039 0.42032302]
[0.62401196 0.3963252 ]
[0.59470229 0.37953849]
[0.57100042 0.36633889]
[0.54895055 0.35313333]
[0.52891896 0.34137917]
[0.50927495 0.33055198]
[0.48823225 0.32032202]
[0.47085728 0.30980635]
[0.45360874 0.30306448]
[0.44053522 0.29365972]
[0.42738732 0.28563194]
[0.41256843 0.27802401]
[0.39889396 0.27175496]
[0.38667993 0.26330179]
[0.37764063 0.25683294]
[0.36822754 0.25063909]
[0.35909076 0.24579187]
[0.35027405 0.24009385]
[0.34236282 0.23357778]
[0.33610534 0.22872262]
[0.32946404 0.22445456]
[0.32263066 0.22135317]
[0.31631432 0.21734563]
[0.31075088 0.21408849]
[0.3079978  0.20888036]
[0.30402253 0.20559881]
[0.2992344  0.20379266]
[0.29467635 0.20260357]
[0.29248832 0.1993871 ]
[0.28915599 0.19712758]
[0.28634761 0.19521448]
[0.28299377 0.19328194]
[0.27987079 0.19115139]
[0.27559089 0.18985476]
[0.27240273 0.18801131]
[0.27004739 0.18540833]
[0.26838855 0.18209405]
[0.2659925  0.18037123]
[0.26327948 0.17854742]
[0.25956361 0.17764683]
[0.25620649 0.17663194]
[0.25391702 0.1747006 ]
[0.25203235 0.17306964]
[0.24956198 0.17115099]
[0.24723837 0.16966647]
[0.2451104  0.16818075]
[0.24136358 0.16827599]
[0.23939686 0.16655913]
[0.23598715 0.16586766]
[0.233417   0.16518294]
[0.23155607 0.16345516]
[0.22885031 0.16252798]
[0.22608186 0.16220556]
[0.22421971 0.15993413]
[0.22331852 0.15720119]
[0.22145419 0.15568254]
[0.21946553 0.15349702]
[0.21996404 0.15029325]
[0.2181223  0.14914087]
[0.2171341  0.14750952]
[0.21663107 0.14512202]
[0.21474543 0.14340179]
[0.21377739 0.1422756 ]
[0.21283132 0.14096845]
[0.21147314 0.1398381 ]
[0.20944894 0.13933452]
[0.20853311 0.13857758]
[0.20746986 0.13757679]
[0.20535388 0.13717361]
[0.20344814 0.1368631 ]
[0.20273346 0.13523016]
[0.20243863 0.13363056]
[0.20118601 0.13283194]
[0.19998531 0.13227817]
[0.1996179  0.13103492]
[0.19906061 0.13019504]
[0.19848205 0.12894742]
[0.19768349 0.12780853]
[0.19719009 0.12673036]
[0.19552561 0.12624226]
[0.19432526 0.12494683]
[0.19333517 0.12403353]
[0.19247227 0.1226869 ]
[0.1922832  0.12116468]
[0.19188238 0.11996111]
[0.1903237 0.1195756]
[0.1894285  0.11908571]
[0.1887429  0.11818611]
[0.18775216 0.1176619 ]
[0.18749919 0.11672302]
[0.18682503 0.11615714]
[0.18537171 0.11612976]
[0.18491815 0.11537877]
[0.18441202 0.11494782]
[0.18344272 0.11449563]
[0.1826947  0.11412401]
[0.18229417 0.11344821]
[0.18145081 0.11340159]
[0.18117668 0.11284425]
[0.18097596 0.11216726]
[0.17958468 0.11220536]
[0.17931122 0.11169008]
[0.17884779 0.1111627 ]
[0.1781841  0.11102242]
[0.17781433 0.11050952]
[0.17794019 0.10954345]
[0.17721241 0.10964127]
[0.17704385 0.10903313]
[0.17644334 0.10890317]
[0.17571616 0.10850516]
[0.17521052 0.10809048]
[0.17464197 0.10770417]
[0.17422021 0.10717956]
[0.17375649 0.10672639]
[0.17381987 0.10601171]
[0.17348271 0.10535298]
[0.17364107 0.10452103]
[0.1738522  0.10377103]
[0.17436904 0.10286687]
[0.17420072 0.1022379 ]
[0.17413713 0.10175813]
[0.17338914 0.10154425]
[0.17303022 0.10144583]
[0.17213412 0.10131349]
[0.17180749 0.10113294]
[0.17175458 0.10075417]
[0.17165963 0.10043472]
[0.17117477 0.10019921]
[0.17098504 0.09987361]
[0.17073226 0.09959702]
[0.17050086 0.09919325]
[0.17013189 0.09896806]
[0.16924674 0.09910853]
[0.16901468 0.09882937]
[0.16851881 0.09875774]
[0.1683816  0.09854087]
[0.16783332 0.09869544]
[0.16770678 0.0983254 ]
[0.16760139 0.09808492]
[0.16694742 0.0979125 ]
[0.16679916 0.09768849]
[0.16624042 0.09776607]
[0.1661347  0.09735437]
[0.16597626 0.09728373]
[0.16525942 0.09740139]
[0.1648593  0.09725238]
[0.16497548 0.09685635]
[0.16393187 0.09712222]
[0.16319432 0.09718492]
[0.16302575 0.09685853]
[0.16286808 0.09667381]
[0.16266768 0.09647857]
[0.16222476 0.09646627]
[0.16204602 0.09613571]
[0.16179267 0.09603234]
[0.16177115 0.09579365]
[0.16177081 0.0956256 ]
[0.16176007 0.09516389]
[0.16180226 0.09478552]
[0.16143387 0.09480635]
[0.16127595 0.09457401]
[0.16119137 0.09436032]
[0.16080109 0.0941619 ]
[0.16041114 0.09404722]
[0.16018991 0.09404563]
[0.16005278 0.09378492]
[0.15994676 0.09357381]
[0.16039962 0.09282897]
[0.16006227 0.09257897]
[0.1600515  0.09234127]
[0.1597038  0.09220417]
[0.15944065 0.09212361]
[0.1592507  0.09181944]
[0.15871369 0.09196548]
[0.15856624 0.09183889]
[0.15839762 0.09157123]
[0.15855531 0.09110556]
[0.15836581 0.09089504]
[0.15829259 0.0906873 ]
[0.15857696 0.09013452]
[0.15838725 0.09002262]
[0.15846105 0.08969504]
[0.15846088 0.08951766]
[0.15807119 0.08948254]
[0.157881  0.0894756]
[0.15770162 0.08941726]
[0.15769122 0.0890006 ]
[0.15737511 0.0890123 ]
[0.15682706 0.08912361]
[0.15674301 0.08906468]
[0.15638506 0.08910179]
[0.15621637 0.0890004 ]
[0.15644819 0.0885746 ]
[0.15657464 0.0882996 ]
[0.15636392 0.08822163]
[0.15616381 0.08814623]
[0.15603731 0.08806528]
[0.15631144 0.0876873 ]
[0.15623783 0.08757401]



