Fitness metrics: KappaLoss, CrossValidationLoss

Individual 107
Population size: 800
Generations: 200
Seed: 23
Max features: 50
Crossover probability: 0.9
Mutation probability: 1.0
Pool proportion (to population size): 0.5
Mean fitness values of each generation
[0.67823837 0.46224404]
[0.60120214 0.41476159]
[0.56512703 0.39178646]
[0.53515073 0.373097  ]
[0.51555182 0.35403382]
[0.4972717  0.33501515]
[0.47939865 0.31898474]
[0.46271366 0.30295883]
[0.45031816 0.2886701 ]
[0.43589285 0.27622437]
[0.42276914 0.26562347]
[0.40934113 0.25657838]
[0.3965942 0.2478354]
[0.38914175 0.23867922]
[0.38129229 0.23094339]
[0.37205476 0.22436237]
[0.36616605 0.21697419]
[0.35726751 0.21166258]
[0.34908328 0.20560944]
[0.34145522 0.20094614]
[0.33595267 0.19559955]
[0.32941499 0.19188841]
[0.32390741 0.18685097]
[0.31976274 0.18287452]
[0.3141138  0.18019723]
[0.3087739  0.17705433]
[0.30312894 0.17416785]
[0.29676049 0.17261844]
[0.29198407 0.16973708]
[0.28875668 0.1679709 ]
[0.28336256 0.16640099]
[0.28093443 0.16394507]
[0.27753551 0.16218756]
[0.27444268 0.16026377]
[0.27136667 0.15788644]
[0.26995947 0.15452857]
[0.2678556  0.15308289]
[0.26626729 0.15105799]
[0.26283406 0.15088936]
[0.25986662 0.14935335]
[0.25847038 0.14736215]
[0.25541503 0.14606024]
[0.25380172 0.14408856]
[0.25148736 0.14348054]
[0.25061608 0.14123173]
[0.24943408 0.13959448]
[0.24732238 0.13843122]
[0.24692238 0.13646673]
[0.24463885 0.13578619]
[0.24259254 0.1347944 ]
[0.24039982 0.13294018]
[0.23904597 0.1323956 ]
[0.23793158 0.13215064]
[0.23754569 0.13108371]
[0.23621588 0.13022214]
[0.23633986 0.12749419]
[0.23467226 0.1265835 ]
[0.23343005 0.1262459 ]
[0.23209318 0.12587335]
[0.23100224 0.12515232]
[0.23038389 0.12440029]
[0.23056438 0.12304396]
[0.23023934 0.12214279]
[0.2290743  0.12146278]
[0.22814937 0.12026159]
[0.2272352  0.11931033]
[0.2267234  0.11854437]
[0.22601995 0.11724174]
[0.22445966 0.11636236]
[0.22255771 0.11578966]
[0.22113014 0.11553787]
[0.21955346 0.11543686]
[0.21774884 0.11514241]
[0.21711044 0.11452268]
[0.21650513 0.11400553]
[0.21425666 0.11422772]
[0.21229379 0.11451723]
[0.2118152  0.11370889]
[0.21059727 0.11324901]
[0.2099023  0.11219989]
[0.20814825 0.1118279 ]
[0.20761392 0.11113029]
[0.20655117 0.11044761]
[0.20496305 0.11013435]
[0.20417649 0.10914108]
[0.20329795 0.1088877 ]
[0.20315161 0.1081679 ]
[0.20288048 0.1072564 ]
[0.2030361  0.10649498]
[0.20218555 0.10646966]
[0.20177646 0.10591815]
[0.20210429 0.10499988]
[0.20181878 0.10466727]
[0.20129566 0.10418222]
[0.20128519 0.10385986]
[0.20076133 0.10353194]
[0.20036617 0.10280935]
[0.19958892 0.10264987]
[0.19818194 0.10238238]
[0.19719621 0.10203325]
[0.19611592 0.10179614]
[0.1948432  0.10206769]
[0.19413139 0.10169992]
[0.19322666 0.10169531]
[0.19271235 0.10107511]
[0.19237591 0.1007381 ]
[0.19182989 0.1001959 ]
[0.1921032  0.09945751]
[0.19124131 0.09934469]
[0.18985647 0.09958844]
[0.18872123 0.0996177 ]
[0.18887895 0.09884795]
[0.18857432 0.09798161]
[0.18836583 0.09755743]
[0.18796333 0.09684147]
[0.18839313 0.09610781]
[0.18799441 0.0960175 ]
[0.18840377 0.0952615 ]
[0.18663955 0.09518135]
[0.18627166 0.09484218]
[0.1857999  0.09417409]
[0.18403726 0.09429028]
[0.18376437 0.09362354]
[0.18504502 0.09253697]
[0.18454086 0.09236443]
[0.18362751 0.09204855]
[0.18232575 0.09159543]
[0.18102225 0.09158867]
[0.18078208 0.09097347]
[0.17968812 0.09084689]
[0.17919421 0.09002371]
[0.17839568 0.08975403]
[0.17767206 0.08929725]
[0.1767783  0.08919048]
[0.17479415 0.08931144]
[0.17480625 0.08823379]
[0.17315686 0.0885282 ]
[0.17271391 0.08813547]
[0.17284936 0.08766866]
[0.17197707 0.08751329]
[0.17085345 0.08731637]
[0.17062158 0.08660417]
[0.16929806 0.08598678]
[0.16819485 0.08574394]
[0.16628313 0.08589892]
[0.16503382 0.08583594]
[0.16288022 0.0859845 ]
[0.16215592 0.085672  ]
[0.16060804 0.08608007]
[0.16063069 0.08532336]
[0.1602739  0.08502686]
[0.15983263 0.08443412]
[0.1587063  0.08462983]
[0.15702594 0.08458137]
[0.15667799 0.08416127]
[0.15632037 0.08369815]
[0.15604805 0.08298924]
[0.15555372 0.08265589]
[0.15490223 0.08235693]
[0.15378776 0.0823976 ]
[0.15375705 0.0820636 ]
[0.15430301 0.08134503]
[0.15337773 0.08147809]
[0.15304123 0.08136204]
[0.15277845 0.08149946]
[0.15267384 0.08095359]
[0.15234749 0.08089396]
[0.1523257  0.08048429]
[0.15133673 0.08030709]
[0.14994886 0.08067037]
[0.14918206 0.08041404]
[0.14836351 0.0802441 ]
[0.1475434  0.08024832]
[0.14750943 0.07989139]
[0.14665765 0.07991163]
[0.14682549 0.07958107]
[0.14596276 0.07966968]
[0.14589976 0.07950943]
[0.14547811 0.07957659]
[0.14462707 0.07936618]
[0.14397401 0.07930029]
[0.14378414 0.07922889]
[0.14256376 0.07960297]
[0.1425951  0.07912867]
[0.14172329 0.07894008]
[0.14151244 0.07889589]
[0.14192181 0.07805729]
[0.14130131 0.07782119]
[0.14102773 0.07764884]
[0.14066948 0.07769057]
[0.13930297 0.07811504]
[0.13921911 0.07752819]
[0.13889193 0.0773388 ]
[0.13833498 0.07719925]
[0.13849307 0.07679169]
[0.13788336 0.07681332]
[0.13859867 0.07627471]
[0.13853458 0.07610711]
[0.13841839 0.07588742]
[0.13821746 0.0756081 ]
[0.13849103 0.07510832]



