0
1
0
0
0
0
0
0
0
0
0
0
0
0
0
0
2
0
0
0
0
0
0
0
0
0
0
258
66
0
0
0
29
0
0
1
1
0
0
0
0
0
4
0
0
0
0
0
0
1
0
0
0
0
1
3
0
52
0
0
179
0
0
0
0
0
0
0
0
0
0
0
0
0
0
0
0
0
0
0
0
0
64
9
0
0
0
0
0
0
0
0
13
0
0
0
0
0
0
0
0
0
0
0
0
0
0
52
0
5
0
0
0
0
0
0
0
0
0
0
0
0
0
0
0
0
0
0
0
0
0
1
0
0
1
0
1
6
0
0
0
0
0
0
4
0
0
0
1
0
0
0
0
0
0
0
0
0
0
0
0
0
0
0
0
0
0
1
0
0
0
0
0
0
0
0
0
0
0
0
0
0
0
1
1
0
0
1
0
1
0
0
0
0
1
0
0
1
0
0
0
0
0
0
0
0
1
0
0
0
0
0
0
0
0
0
0
0
0
1
3
0
0
0
0
0
0
0
0
0
0
0
40
0
0
3
0
0
0
0
0
0
0
0
0
0
0
0
0
0
7
0
0
0
0
0
1
0
0
0
0
1
0
0
0
0
0
0
0
0
0
0
0
0
9
0
0
2
0
0
0
0
0
0
0
3
0
0
0
0
0
0
0
0
0
0
0
2
0
0
0
0
0
0
0
0
0
0
0
0
6
0
0
0
0
0
0
0
0
0
4
0
0
2
0
0
3
0
3
0
0
0
0
0
0
0
0
0
0
0
0
0
0
0
0
0
0
0
0
0
0
0
0
0
0
0
0
0
0
0
0
0
2
0
3
0
10
0
0
0
0
0
273
0
3
0
1
0
0
0
0
2
57
0
0
0
295
0
0
0
0
0
0
0
0
0
0
0
0
0
0
0
19
0
0
0
0
3
0
2
0
0
0
0
0
0
0
0
55
1
0
0
0
0
0
2
0
0
0
0
0
0
1
0
0
3
9
0
0
0
8
1
3
0
0
1
1
0
0
0
0
0
0
0
0
0
0
0
17
0
0
0
16
0
2
0
0
0
0
0
0
0
31
0
1
0
0
0
0
0
0
0
0
0
0
1
0
0
0
0
1
0
0
0
1
0
0
0
0
0
34
0
0
1
36
0
0
0
0
0
0
0
0
0
0
0
0
0
0
0
0
0
0
0
0
0
0
0
0
0
0
3
0
0
0
0
0
0
0
0
0
0
1
0
0
0
0
0
0
27
300
0
0
0
0
0
0
0
27
0
0
0
1
0
0
1
0
0
0
0
0
0
0
0
0
0
29
0
0
0
0
0
0
0
0
0
0
0
0
0
0
0
0
0
0
0
0
1
0
0
0
0
0
0
1
0
0
0
0
0
7
0
0
0
0
0
0
0
0
0
0
0
12
0
0
0
0
0
0
0
0
0
0
0
2
0
0
0
26
0
0
0
1
0
0
0
0
0
0
0
1
0
8
0
0
133
0
0
0
0
0
0
0
0
0
0
0
0
0
0
0
0
0
0
0
0
0
0
0
0
0
1
0
0
0
0
32
0
0
0
0
0
0
0
0
26
0
0
0
0
0
0
0
0
0
0
0
0
0
0
24
0
0
0
0
0
0
0
0
0
0
0
0
0
0
0
0
3
0
0
300
0
0
0
0
0
0
0
300
0
0
7
0
0
0
20
0
0
0
0
0
0
1
0
0
0
6
0
0
0
0
0
192
0
0
0
0
0
0
0
0
0
1
0
0
1
0
1
0
0
0
0
0
0
0
0
0
0
0
0
1
0
0
0
0
7
0
0
0
0
0
0
0
0
0
0
3
0
0
0
0
0
0
0
0
0
0
0
0
300
41
0
0
0
13
0
0
0
0
0
0
0
0
1
0
0
0
0
0
0
0
0
0
0
0
0
0
0
0
0
0
0
0
1
0
0
0
0
0
0
0
82
0
0
0
0
0
0
0
0
0
0
0
0
0
0
0
0
0
0
1
0
0
0
0
0
0
0
0
0
0
0
0
0
0
0
0
0
0
0
0
0
0
0
0
0
0
0
0
0
0
0
0
0
4
0
0
0
0
0
0
0
298
0
0
0
24
0
0
0
0
0
0
0
0
0
0
0
0
1
0
2
0
80
0
0
77
2
0
0
0
1
0
0
0
0
0
0
0
0
0
13
0
0
0
0
0
0
0
3
0
0
0
0
0
0
0
0
0
0
0
0
2
25
0
0
0
0
0
0
0
0
0
0
0
0
0
0
0
0
0
39
0
1
0
0
0
0
0
0
0
4
0
1
0
0
0
0
0
0
1
0
0
0
0
0
0
0
0
0
0
0
0
0
0
297
0
0
0
0
0
0
1
0
0
1
0
0
0
0
0
6
0
0
0
0
0
0
0
0
0
0
0
0
0
0
0
0
0
0
0
0
0
110
0
0
0
0
0
0
0
0
0
0
2
0
244
0
41
0
0
0
0
0
0
0
300
2
0
0
0
0
2
0
0
0
0
0
0
0
0
0
0
0
0
0
0
0
0
0
0
0
0
8
0
0
0
2
0
2
0
3
0
0
0
0
0
0
0
0
0
0
0
0
0
0
0
0
0
1
0
1
1
0
0
0
0
1
0
0
0
0
21
0
0
0
0
0
0
4
27
0
0
0
0
7
0
0
0
0
0
0
0
0
0
0
0
0
0
0
1
0
0
0
0
0
0
0
0
0
0
3
1
0
0
0
0
0
0
2
3
0
0
0
0
0
20
0
0
0
0
0
1
6
0
0
0
0
0
0
1
0
0
0
0
0
0
0
0
0
0
1
0
0
0
0
0
0
0
0
0
0
0
0
0
0
0
0
0
0
9
18
0
0
0
0
0
0
0
0
0
2
0
0
0
1
0
0
0
0
0
0
0
0
0
0
0
0
0
0
4
0
0
0
0
0
0
47
0
2
0
0
0
0
0
0
0
0
6
0
1
5
1
0
0
0
0
0
0
0
267
0
2
0
0
7
0
2
0
0
0
0
7
0
0
0
1
0
1
1
0
0
0
0
0
0
1
0
1
0
0
0
1
0
0
0
0
0
0
0
0
1
0
0
0
9
0
0
1
0
2
0
0
0
0
0
0
2
0
0
0
0
0
0
0
0
1
0
0
0
0
0
2
0
0
6
0
0
0
0
1
1
0
0
0
0
0
0
0
0
0
0
0
0
0
0
0
0
7
0
0
0
0
0
0
0
1
2
0
0
0
0
1
1
0
0
0
0
1
0
0
0
0
0
0
1
0
83
0
0
0
0
1
0
0
0
0
0
0
0
0
0
0
0
0
0
0
0
0
0
0
0
0
0
0
0
0
0
0
0
1
0
0
78
3
0
0
3
0
0
0
0
0
1
0
0
0
0
0
0
0
0
0
0
0
0
0
0
2
0
0
0
0
0
0
1
0
0
5
0
4
0
0
1
57
0
2
123
0
0
0
0
0
0
0
0
0
0
0
0
0
0
0
0
0
0
0
0
0
1
0
0
0
0
0
5
0
26
0
0
0
0
0
0
0
0
0
0
0
0
1
0
0
0
0
0
2
1
0
0
0
0
5
16
0
285
0
0
1
0
0
0
2
0
0
0
0
0
0
0
0
3
0
0
0
0
0
0
0
0
0
0
0
0
2
0
281
0
0
0
1
0
0
1
0
1
0
0
0
0
0
0
0
0
0
0
0
0
0
0
2
0
0
0
0
2
18
4
0
0
0
0
26
0
0
0
0
0
0
6
0
0
0
0
0
0
0
0
0
0
1
0
74
0
1
0
0
0
229
0
1
0
0
0
0
0
0
0
0
0
0
75
0
5
0
0
1
0
1
0
10
0
0
0
0
1
3
0
0
1
0
0
0
0
0
1
0
0
0
0
0
0
0
0
0
0
0
2
0
0
0
13
0
0
0
1
0
0
0
28
0
0
0
0
0
0
0
0
0
0
0
279
0
0
0
0
0
0
0
0
0
0
0
293
0
0
0
0
0
0
0
0
0
0
0
2
0
0
0
0
0
0
2
0
0
0
2
0
1
1
0
2
0
0
0
0
2
0
0
0
0
0
0
0
0
0
0
0
13
0
300
0
2
1
0
0
0
0
0
0
0
0
0
0
0
0
0
0
0
0
0
0
0
0
0
0
0
0
0
0
0
0
0
0
0
0
0
0
0
0
0
0
0
0
2
0
0
0
0
9
0
0
1
0
0
0
0
0
0
0
0
0
0
0
4
0
0
0
0
0
0
0
0
0
1
0
52
0
0
0
0
0
0
0
1
0
0
4
1
0
0
0
0
0
0
0
0
0
0
5
0
0
0
0
0
271
0
0
0
0
0
0
0
0
0
0
0
0
0
2
0
0
0
0
0
0
0
0
0
20
0
0
105
236
9
0
0
0
0
0
0
0
0
0
0
0
0
0
0
0
4
0
0
0
0
0
0
0
0
0
0
0
0
0
0
0
75
0
0
0
4
0
0
0
1
0
0
1
0
0
0
0
289
0
0
0
0
0
0
0
1
0
30
3
0
0
0
0
0
0
0
0
0
0
0
0
0
0
0
5
0
0
52
0
0
0
0
0
0
0
8
1
0
0
0
166
0
0
0
0
0
0
0
0
0
0
0
0
0
0
0
0
0
0
0
1
0
0
4
5
0
0
0
0
0
0
0
146
0
0
4
0
0
0
1
0
0
1
0
0
0
4
34
0
0
0
2
0
0
0
35
0
0
0
0
0
0
68
0
0
0
0
0
0
0
0
0
0
5
0
0
0
0
0
1
0
0
0
0
0
0
0
0
32
11
0
0
1
0
0
0
0
0
0
0
0
0
0
0
0
0
0
0
0
0
2
1
0
0
0
1
1
0
0
0
0
0
0
0
0
0
0
0
0
0
0
0
0
0
0
0
1
0
0
0
0
300
0
3
0
0
0
0
0
0
0
0
0
0
0
0
2
0
0
1
0
0
5
0
0
0
0
2
1
0
0
0
0
0
0
0
0
0
0
0
0
3
0
0
0
0
0
0
1
1
0
0
0
0
0
0
0
0
0
0
1
1
1
0
1
0
0
0
0
0
0
0
0
0
0
0
0
0
0
0
0
0
0
0
0
0
0
0
0
0
2
2
0
0
1
0
1
0
0
0
0
0
0
0
0
0
0
0
0
0
0
0
0
0
0
0
0
0
0
0
0
0
0
0
0
27
0
0
201
0
0
0
0
0
0
0
0
0
0
0
0
0
0
0
0
0
3
0
0
179
10
0
0
0
0
0
0
0
0
0
0
0
0
0
0
72
0
0
2
0
0
0
0
4
0
34
0
4
0
0
0
0
0
0
0
0
0
9
0
0
0
0
0
0
0
0
0
1
0
0
0
0
0
0
0
0
1
1
0
0
0
0
0
1
0
2
23
0
0
0
0
0
0
0
0
0
0
0
0
0
0
0
0
0
0
4
1
0
0
4
3
0
0
0
0
0
0
61
14
0
1
0
0
0
1
0
0
0
0
0
0
0
2
0
0
2
0
0
0
0
0
2
0
0
3
0
0
0
0
1
2
0
0
0
0
161
0
0
0
0
0
0
0
0
0
6
1
0
0
0
0
0
0
0
0
1
0
0
0
0
0
2
0
7
0
0
0
0
0
0
0
0
0
0
0
0
1
0
0
0
0
0
0
0
0
0
0
0
0
0
0
0
0
0
0
0
0
0
0
0
0
0
0
0
26
0
0
0
0
2
0
0
0
0
0
0
0
0
0
0
0
0
0
0
0
0
0
0
0
0
0
0
0
0
0
0
0
1
0
0
9
0
0
0
0
1
0
0
0
0
0
0
7
0
0
0
0
0
0
0
0
0
0
0
0
0
1
0
0
0
0
0
0
0
1
4
0
0
0
0
0
0
3
0
0
0
0
0
0
0
0
0
0
50
4
106
0
29
0
0
1
0
0
0
0
60
6
0
0
1
0
3
0
0
3
0
0
1
0
0
0
0
0
0
0
0
0
0
0
0
0
0
0
0
0
0
0
0
0
0
0
0
0
0
0
0
0
0
0
0
0
0
0
0
0
0
8
4
0
0
0
0
0
0
0
0
0
0
0
0
1
0
0
0
0
0
0
0
0
0
0
19
0
0
1
296
0
0
0
1
0
0
0
0
1
0
0
0
2
0
0
0
0
0
0
1
0
0
0
0
0
0
0
27
0
0
0
248
0
0
0
18
0
0
0
0
5
0
0
0
0
8
8
0
0
0
0
0
0
0
0
0
0
1
0
0
3
0
0
0
0
0
0
0
0
0
0
6
0
0
0
0
0
0
0
2
2
0
0
0
0
0
0
0
0
0
0
6
0
0
0
0
0
0
0
0
0
1
0
0
1
0
0
0
0
0
0
0
0
0
0
0
0
0
1
0
0
0
0
0
0
0
0
0
0
0
264
0
2
4
0
1
0
0
0
0
0
0
0
0
0
0
0
0
0
0
0
0
4
2
0
1
0
0
0
0
0
0
0
0
0
0
0
0
0
0
0
0
0
0
0
0
0
0
0
83
3
44
0
0
0
0
0
0
0
1
0
0
0
0
0
295
0
0
0
1
0
1
0
0
0
0
21
0
0
0
0
20
0
0
0
0
0
0
0
0
0
0
0
0
0
0
0
0
0
9
1
0
0
0
0
31
1
230
0
0
0
0
0
0
0
0
0
0
0
0
0
0
0
0
0
0
0
0
0
0
0
0
0
0
3
0
0
4
1
0
0
0
0
0
0
3
0
7
0
0
0
0
33
5
0
1
0
0
0
0
0
0
0
0
0
0
0
0
0
0
0
0
0
1
0
2
0
0
0
0
1
0
0
0
0
0
0
0
0
0
0
0
0
0
0
0
0
0
0
12
0
0
0
1
0
0
0
0
0
0
0
0
0
0
0
0
0
0
0
0
0
0
0
0
0
0
0
0
0
0
0
0
0
0
0
0
0
0
0
0
88
10
0
0
0
0
0
0
0
0
0
0
0
0
0
0
0
0
0
187
1
0
0
0
3
0
0
0
0
0
0
0
0
2
14
0
0
0
0
7
0
0
0
0
0
0
0
0
0
1
0
0
1
0
0
0
0
0
0
0
9
1
0
2
0
0
0
0
0
0
0
0
0
0
0
1
0
0
0
0
0
0
0
1
0
0
0
0
0
0
0
0
0
0
0
0
0
0
0
0
0
0
0
0
0
0
0
0
0
0
8
0
0
1
0
0
0
0
0
0
0
0
0
11
0
0
0
0
0
0
0
0
0
0
0
0
0
0
0
0
0
0
0
0
0
0
0
0
0
0
0
0
0
0
0
0
0
0
0
0
0
0
0
0
0
6
0
0
0
0
0
31
0
0
0
0
0
0
0
0
0
0
0
0
0
3
0
0
0
0
0
0
0
0
0
0
0
0
0
284
16
0
0
0
0
0
1
0
0
0
0
0
0
0
1
0
0
5
0
1
0
0
0
0
0
0
0
0
0
0
0
0
0
0
0
0
0
2
0
0
0
0
0
0
3
0
0
0
0
0
0
0
0
0
0
1
2
0
0
0
0
0
0
0
0
0
0
0
0
0
0
0
1
0
0
0
0
0
0
0
0
0
0
0
0
1
0
0
0
0
0
0
0
0
0
2
0
0
0
0
0
0
63
0
0
0
0
0
0
0
0
0
0
1
0
0
0
0
0
0
0
0
0
0
0
0
0
0
0
0
0
0
0
0
0
0
0
0
0
0
0
0
0
0
0
1
9
23
0
0
0
0
0
0
3
0
0
0
0
0
0
0
0
0
1
0
0
0
0
0
0
0
0
0
1
0
0
0
0
0
74
0
0
0
1
0
0
0
0
0
0
0
1
0
6
0
0
0
0
0
23
0
0
0
1
1
0
0
0
0
2
0
0
0
0
0
0
0
0
0
46
0
0
0
0
0
0
0
0
0
4
0
0
0
1
3
4
0
0
4
0
4
0
1
0
0
0
0
0
0
0
0
6
0
81
0
0
0
0
0
0
0
0
0
0
0
0
0
1
0
0
0
0
0
0
9
0
0
0
0
12
0
23
5
0
0
0
0
0
0
0
0
0
0
0
1
0
0
0
0
0
0
0
0
0
0
0
0
0
0
51
0
0
0
0
0
0
0
0
