0
0
0
0
0
0
0
0
0
0
0
0
0
1
0
0
1
0
0
0
0
0
0
0
0
0
0
0
0
6
0
0
0
0
0
0
0
0
0
0
0
66
0
1
0
0
0
0
0
0
0
0
0
72
0
0
0
3
0
0
2
0
1
0
0
0
0
0
0
0
3
0
0
2
1
0
0
0
0
0
0
0
0
0
6
0
0
0
0
0
0
0
3
0
0
0
0
0
0
0
0
0
0
0
0
0
0
0
0
0
0
0
0
0
0
0
6
0
0
0
1
0
0
0
0
0
0
0
2
0
0
250
2
0
0
0
0
0
4
4
0
2
0
0
0
0
0
0
0
0
0
0
291
0
0
47
0
0
0
0
0
0
0
0
0
12
0
0
0
0
0
0
0
0
0
1
0
0
0
0
0
0
0
0
2
0
0
16
1
0
0
0
220
0
0
0
1
0
0
0
0
0
0
0
1
2
0
0
0
0
2
0
0
19
28
0
0
0
0
3
0
6
0
2
2
0
0
0
0
12
0
0
0
0
0
4
0
0
0
0
0
0
0
0
0
5
0
0
0
0
0
0
1
0
0
1
0
0
0
0
3
47
0
0
0
0
0
1
0
0
0
0
0
0
0
0
0
0
0
0
0
0
0
0
0
4
2
0
0
0
1
0
3
0
0
6
0
0
0
0
0
0
0
0
0
0
0
0
1
0
0
0
0
0
0
1
0
0
0
0
0
0
1
0
0
0
0
0
0
0
0
0
0
0
0
0
0
0
0
300
0
0
4
0
2
0
0
300
0
0
0
0
0
0
1
0
0
0
0
0
0
0
0
16
1
0
0
0
1
0
0
1
0
0
1
0
0
0
0
0
0
0
0
0
0
0
0
0
300
0
0
0
1
0
0
0
3
0
2
0
0
0
0
0
0
0
3
0
0
0
0
0
1
0
0
0
0
0
0
0
0
0
0
0
1
0
0
0
0
0
0
0
0
0
0
0
0
0
0
0
0
0
0
0
0
0
0
0
0
0
0
0
0
0
0
2
0
0
0
0
0
0
28
0
0
0
0
0
0
0
0
26
0
0
0
0
1
0
0
0
0
0
0
0
0
0
0
0
0
0
1
0
0
0
0
0
0
0
0
0
4
0
6
0
0
0
0
10
0
0
0
0
0
0
0
0
0
0
0
0
0
0
0
0
0
0
0
0
0
0
0
0
1
0
0
0
0
0
0
0
0
0
0
0
1
0
0
0
0
0
0
0
0
0
0
0
0
0
300
0
0
0
0
0
0
2
116
0
0
0
0
0
0
0
0
0
0
0
0
0
19
1
0
0
0
1
6
0
0
1
0
0
0
1
0
0
0
0
0
0
0
0
0
0
0
0
0
0
0
0
0
0
0
0
0
0
1
0
4
0
0
2
23
0
0
0
1
0
0
0
0
0
0
0
0
0
0
0
0
0
0
3
0
0
0
1
0
0
0
0
1
0
0
1
0
0
4
1
0
0
0
1
0
0
0
0
0
0
0
0
0
5
0
0
0
0
0
0
0
0
0
0
0
0
0
0
0
0
0
0
0
0
0
290
0
0
0
0
0
0
0
1
0
13
1
0
0
0
0
1
0
0
0
0
0
0
0
0
0
0
0
0
0
0
0
0
0
0
0
0
0
0
0
0
0
0
0
0
298
0
300
1
2
1
0
0
0
0
0
5
0
0
0
0
0
0
1
0
0
1
0
0
0
0
0
0
3
0
0
0
0
0
0
0
0
8
0
0
0
0
0
0
0
0
0
0
7
37
0
0
0
0
4
0
0
0
0
0
0
0
1
1
0
0
3
0
0
0
1
0
0
0
0
0
0
2
0
0
0
0
0
0
0
0
0
0
0
0
0
0
0
0
14
0
0
5
0
1
2
0
0
0
0
0
0
0
0
0
0
0
0
0
0
4
0
0
0
0
0
0
0
0
0
1
0
0
0
0
0
0
0
0
0
0
0
0
1
0
0
0
0
0
1
5
0
0
0
0
0
0
0
0
0
1
0
0
0
2
0
0
0
0
0
0
1
0
0
4
1
0
4
0
0
1
0
0
3
0
0
0
0
0
0
0
0
0
0
2
0
8
1
0
0
0
0
0
0
0
0
0
1
0
0
1
0
43
0
0
0
0
0
0
3
0
0
1
0
0
0
0
0
0
0
0
0
0
2
0
0
0
0
0
0
0
0
0
0
0
0
2
0
0
0
0
0
0
0
0
0
0
0
0
0
0
0
6
0
0
145
0
0
0
0
0
0
1
0
1
3
0
0
0
0
0
0
0
0
0
0
0
0
0
0
0
0
0
0
0
0
0
0
0
0
0
0
0
0
0
0
0
0
0
0
0
4
0
0
0
0
0
0
0
0
0
0
0
0
0
0
0
0
0
0
0
0
0
0
0
0
0
300
0
0
0
0
1
0
0
0
0
0
0
111
0
0
1
0
0
0
76
0
0
0
11
13
0
0
0
0
0
0
0
0
1
297
0
0
8
0
0
0
0
0
0
0
0
0
0
0
0
0
0
0
0
0
0
1
0
0
2
1
0
0
0
0
0
1
0
8
0
0
0
0
0
0
0
0
0
0
0
1
0
0
2
0
0
0
0
0
0
0
0
0
0
0
0
0
0
0
0
0
0
0
0
0
0
0
0
0
0
0
0
0
0
0
0
0
0
0
0
0
0
0
0
0
0
0
0
0
0
2
0
0
0
0
0
0
0
0
0
0
0
0
0
0
0
0
1
0
0
0
0
0
31
24
0
0
0
0
0
0
0
0
0
0
0
0
0
4
0
0
0
0
0
0
0
0
1
0
0
7
0
0
1
0
0
199
0
0
0
2
0
0
0
0
0
0
0
0
1
0
0
0
0
0
0
0
0
0
0
0
0
0
0
300
24
0
0
9
0
0
0
6
2
0
5
0
0
0
0
0
0
0
1
0
0
1
0
0
0
0
0
0
0
0
1
0
0
0
0
0
0
0
0
0
0
2
0
0
0
0
0
0
0
1
0
0
0
0
0
0
0
0
0
0
0
0
0
0
0
0
0
0
0
0
0
0
0
87
20
0
0
0
4
0
0
0
0
0
0
0
21
0
0
0
0
0
0
0
0
0
0
0
0
0
0
0
1
0
0
0
0
0
0
0
0
15
0
0
0
0
0
0
3
0
0
1
8
1
0
0
0
0
0
0
0
1
0
0
0
0
0
0
0
0
0
0
0
4
0
0
0
0
0
195
0
4
0
0
0
0
0
10
0
0
0
0
0
0
16
0
1
0
0
13
0
0
0
0
0
300
0
0
0
0
0
0
0
0
0
0
3
0
0
0
0
0
0
0
1
0
0
1
0
0
0
0
0
17
0
9
0
0
0
0
0
0
0
0
0
0
0
0
2
2
0
0
0
0
0
0
0
0
0
0
0
0
0
0
0
1
0
1
0
0
0
5
0
0
0
0
0
0
0
0
0
0
0
0
0
3
0
0
0
0
0
0
0
0
0
1
0
0
0
0
0
1
0
0
0
0
0
0
0
0
0
0
0
2
0
0
0
0
0
0
0
0
1
0
0
0
0
0
0
0
0
0
0
0
0
0
1
0
0
0
0
0
0
0
0
0
0
1
0
1
0
0
0
0
0
0
0
0
89
0
0
191
0
0
0
3
0
0
0
0
5
0
0
0
0
9
0
0
0
0
0
0
0
9
0
0
0
0
0
1
0
0
0
0
0
0
0
0
0
0
1
0
0
0
0
0
27
1
0
0
0
0
0
9
0
0
0
0
0
0
2
0
0
0
0
0
0
0
0
0
0
0
0
23
0
0
0
0
0
0
0
0
1
0
0
0
0
0
0
0
0
0
0
0
0
0
0
1
1
0
0
0
0
1
0
0
0
1
2
2
0
0
0
0
0
3
0
0
0
0
0
0
0
0
0
0
0
0
0
0
2
0
0
0
0
0
0
0
0
0
0
0
0
0
0
1
46
0
0
1
1
0
0
0
0
0
0
0
0
0
2
0
0
0
1
0
0
0
0
0
0
0
0
0
0
0
0
0
0
0
0
0
0
0
0
0
0
0
0
1
0
0
0
0
2
0
0
38
2
0
0
0
0
0
0
0
1
0
0
0
0
0
0
0
0
0
0
0
0
0
0
0
0
0
75
0
0
0
0
2
0
0
0
0
0
0
0
0
0
0
0
1
0
0
0
0
0
0
0
0
0
0
0
0
0
0
0
0
1
0
0
3
0
0
0
0
0
0
2
0
0
8
1
0
0
0
0
0
0
0
0
1
3
0
0
0
1
96
0
1
8
53
0
0
0
0
0
0
0
0
56
0
0
0
0
0
0
0
0
0
0
0
0
0
300
0
0
0
36
0
0
0
0
0
0
0
0
1
0
0
0
0
0
0
300
0
0
0
1
0
0
0
0
0
0
0
0
5
0
2
0
0
1
0
0
0
0
0
0
0
0
0
1
0
0
0
0
0
0
0
0
6
0
0
0
0
1
1
0
0
1
0
0
298
0
0
0
0
0
298
2
0
0
0
0
0
2
0
0
0
0
0
0
0
0
0
0
0
5
0
0
0
0
0
0
0
0
0
0
0
0
0
0
0
0
0
0
0
0
0
0
0
0
0
2
0
0
0
0
0
1
0
0
0
0
0
0
37
3
0
2
0
6
0
0
0
0
0
0
0
0
0
0
0
0
0
0
1
0
0
0
0
0
0
0
0
0
0
1
0
0
2
0
0
0
0
3
0
0
0
0
0
0
0
0
0
0
0
0
0
0
0
0
0
0
0
0
0
0
1
74
0
0
2
0
0
0
0
0
0
0
0
0
0
0
0
0
0
0
0
0
0
2
0
0
0
0
1
0
1
9
0
1
0
0
0
1
11
0
0
1
0
0
0
0
0
0
22
0
0
75
0
0
0
0
0
0
5
0
0
9
0
0
0
0
0
0
0
0
0
0
0
0
0
0
0
0
0
0
0
0
0
0
0
0
0
0
0
0
0
0
0
0
0
0
0
1
0
0
0
0
18
0
0
0
0
1
0
0
0
0
0
0
0
0
0
0
0
0
0
0
0
1
0
0
1
1
0
0
0
0
0
0
0
0
0
0
0
0
1
0
0
0
0
0
0
0
0
0
0
0
0
0
0
0
0
0
0
0
0
0
0
0
0
0
0
0
0
0
0
0
0
0
0
0
0
0
0
1
0
0
0
1
0
0
0
0
0
0
14
0
0
0
0
0
0
0
0
0
38
0
0
0
0
0
0
0
0
0
0
7
0
0
0
0
0
0
0
0
2
0
0
0
0
0
0
0
0
0
0
1
0
0
0
0
0
0
0
0
0
0
0
0
1
0
0
0
1
0
0
0
0
0
1
3
0
0
0
0
0
0
0
0
0
0
0
0
0
0
0
0
0
56
0
0
0
0
0
1
0
0
0
0
0
0
0
0
0
0
1
0
0
0
0
0
0
0
4
0
2
1
0
0
0
0
0
0
0
0
0
0
0
0
0
0
0
0
0
0
0
0
0
0
0
0
0
0
49
0
0
0
4
0
0
0
0
0
0
0
0
0
0
0
0
0
0
0
0
0
0
0
0
2
0
0
1
0
0
27
2
1
0
0
0
0
0
0
1
0
0
0
0
0
0
0
0
0
0
0
0
0
0
0
0
0
3
0
0
0
0
0
0
0
0
0
0
0
0
1
0
0
0
0
0
0
2
0
6
0
0
0
1
0
0
0
0
0
0
0
0
10
0
2
0
0
0
0
0
0
0
2
0
0
0
3
0
0
0
0
0
0
0
0
0
0
0
0
0
0
0
0
0
0
0
0
0
0
0
1
0
0
0
0
0
0
0
0
0
0
1
0
0
0
0
0
1
0
10
0
0
0
0
0
0
0
0
300
0
0
0
0
0
0
0
0
0
0
6
30
0
0
0
0
0
0
0
0
0
0
0
1
0
0
0
2
0
0
0
0
0
0
0
0
0
0
300
0
56
0
3
0
0
0
0
0
0
0
0
0
0
4
0
0
0
0
0
0
0
76
0
0
0
1
0
0
0
0
0
0
0
0
0
6
0
0
0
0
1
0
0
300
0
1
0
0
0
0
0
0
0
0
0
0
0
0
0
1
0
0
0
0
0
0
0
0
0
0
0
0
0
0
0
0
0
0
0
0
0
0
0
0
0
0
0
0
0
31
0
0
0
0
0
0
0
0
1
0
0
0
7
0
0
27
0
0
0
0
0
0
0
0
0
0
0
0
0
0
0
1
0
0
0
0
0
0
0
0
0
0
0
0
0
0
0
10
0
0
0
0
0
0
2
0
0
0
0
0
9
0
0
2
0
0
2
0
0
1
5
0
1
0
0
50
0
0
0
0
0
0
1
0
0
0
0
0
0
0
0
0
0
0
0
0
1
0
0
0
1
0
130
0
0
0
0
0
0
0
0
0
0
0
0
0
0
0
42
2
0
0
0
0
0
0
0
0
0
0
0
0
0
0
0
0
0
0
0
0
0
0
1
0
0
0
0
0
0
0
0
0
0
0
0
0
0
0
0
0
4
0
0
1
0
0
0
3
0
0
0
8
0
0
0
5
0
0
0
0
0
0
0
0
0
0
0
0
0
0
0
100
0
0
0
0
0
0
0
0
0
0
1
0
0
0
0
0
0
0
0
0
0
19
6
1
0
0
59
0
2
0
0
0
0
0
0
0
0
0
0
0
0
0
0
0
0
0
0
0
0
1
0
2
0
0
0
0
2
0
0
0
0
0
0
0
0
0
0
0
0
0
0
0
1
0
0
0
0
0
1
0
0
0
0
0
0
0
0
0
0
5
1
0
27
0
0
0
0
0
0
0
0
0
300
0
0
0
0
0
1
0
0
0
2
0
0
0
0
0
19
0
0
0
0
0
0
4
0
0
4
0
0
0
16
0
0
0
0
0
0
0
0
0
0
0
0
71
299
0
93
0
299
0
0
0
0
0
0
0
0
0
0
0
0
0
0
0
0
0
0
0
0
1
0
0
2
0
0
0
0
0
0
4
0
0
0
0
0
0
1
0
0
2
0
0
0
0
0
0
0
3
0
0
1
0
0
0
0
0
2
0
0
0
0
0
17
0
8
0
0
0
0
0
0
0
0
0
0
0
0
0
1
0
0
0
0
0
4
1
0
1
21
0
0
1
0
0
0
0
0
0
0
0
2
0
0
0
0
0
0
0
0
0
1
0
0
4
3
0
0
0
6
0
0
0
6
0
0
0
2
0
0
0
0
0
0
0
0
0
0
0
0
0
2
0
0
0
0
0
0
0
0
268
0
0
300
6
1
0
0
0
0
0
0
0
0
0
0
0
0
1
0
0
0
0
0
0
0
0
0
0
300
0
0
0
0
0
1
0
0
0
0
0
8
0
0
0
0
0
0
0
0
1
0
0
3
14
0
0
0
0
13
0
0
0
7
0
0
0
0
0
0
0
1
0
0
0
0
0
0
0
0
0
1
0
3
0
0
0
0
0
0
3
0
0
0
0
0
0
0
3
0
0
0
0
0
0
0
0
0
1
5
1
0
0
0
0
3
263
0
0
0
0
0
0
0
0
0
0
0
0
1
77
0
0
0
0
0
0
0
0
0
0
0
0
0
0
0
0
0
0
0
158
0
0
0
0
0
0
0
0
0
0
0
0
0
0
0
0
0
1
0
0
0
0
0
0
0
0
0
2
1
0
0
0
0
0
0
0
0
4
32
0
0
0
0
0
1
0
0
0
0
0
0
0
300
0
0
0
0
0
0
2
0
0
0
0
1
0
1
0
0
1
0
0
0
0
0
0
0
0
0
0
0
0
0
0
0
0
4
2
29
1
0
0
0
0
0
0
0
0
6
0
0
0
0
0
0
0
0
0
1
0
1
0
0
19
6
0
0
0
0
0
0
0
0
0
0
1
0
1
0
0
0
0
0
0
0
1
0
0
0
0
0
0
0
0
0
0
1
11
0
0
0
0
1
0
0
0
0
0
0
0
0
0
0
0
0
0
0
0
0
0
1
0
0
0
0
0
0
2
0
0
0
0
0
295
0
0
0
0
0
0
0
0
0
0
0
300
0
0
0
0
0
1
0
0
0
298
0
0
0
0
0
0
0
0
