0
0
0
0
0
0
18
2
0
0
0
0
0
0
0
32
0
0
0
0
0
0
2
0
0
0
54
0
0
0
0
0
0
0
0
0
0
0
0
0
0
0
20
2
0
0
0
260
0
0
0
2
0
0
2
0
3
0
0
0
0
0
3
0
0
0
0
0
0
0
0
0
0
1
88
0
0
139
0
0
1
0
0
0
0
0
0
0
0
1
0
0
0
0
0
2
1
0
0
1
0
0
0
1
0
1
283
0
0
2
0
1
0
0
0
0
0
0
0
0
0
3
0
0
1
0
0
0
0
0
0
0
0
0
0
0
1
4
1
0
0
0
0
0
0
0
0
0
0
0
0
0
0
0
0
0
0
0
0
0
0
0
0
0
0
0
0
0
0
0
0
0
2
0
0
0
1
145
0
0
0
0
0
0
0
0
0
0
0
0
0
1
14
0
0
1
0
48
0
0
0
0
0
4
0
0
0
0
0
0
0
1
0
0
0
0
0
0
0
0
0
0
0
0
0
1
0
1
0
0
0
0
14
0
0
0
0
0
0
0
0
0
0
1
0
0
0
0
0
1
0
1
0
0
0
0
0
0
0
0
0
0
1
0
0
0
0
0
0
0
0
0
0
0
0
0
0
3
0
0
0
0
0
5
0
0
0
0
0
0
0
0
0
0
0
0
0
1
0
0
0
0
0
0
0
0
0
0
0
0
1
0
1
0
0
0
0
0
0
0
0
0
0
0
0
1
23
0
0
0
0
0
0
0
0
0
0
0
0
0
0
0
0
0
0
0
0
3
0
0
166
0
1
4
0
0
0
0
0
0
0
0
1
0
0
0
3
0
0
0
0
0
0
0
0
0
0
0
299
0
0
0
0
0
0
0
0
1
300
0
0
0
0
0
0
0
0
77
0
0
0
0
0
0
0
3
0
0
0
0
0
234
0
0
1
0
0
0
0
0
3
1
0
0
0
0
0
0
0
0
2
0
0
3
0
5
0
0
2
0
0
0
0
0
0
0
0
0
0
1
0
0
0
0
0
82
0
45
0
0
0
0
11
0
23
0
0
0
0
0
65
2
0
0
0
0
0
1
0
0
0
0
0
0
0
0
0
0
0
0
0
1
2
0
1
0
0
3
0
5
0
0
0
45
8
0
0
0
0
0
1
0
0
0
0
0
1
0
0
0
0
0
0
0
0
0
0
0
0
17
0
0
2
0
0
1
0
0
0
0
0
0
0
0
0
0
0
0
0
0
0
0
2
1
1
0
0
0
0
1
0
0
4
32
0
24
0
0
0
0
2
67
0
0
0
0
0
10
0
0
0
0
0
0
0
82
0
1
0
0
0
1
0
0
0
0
0
0
299
0
0
0
0
0
0
0
0
0
0
0
0
0
0
0
0
0
0
0
0
0
0
14
0
0
0
1
1
0
35
0
0
0
0
0
0
0
0
0
0
0
0
0
0
7
0
0
0
3
2
0
0
0
0
0
0
0
0
0
0
0
0
0
0
0
0
0
9
0
0
0
0
261
0
0
0
178
0
0
0
0
0
0
0
0
0
0
0
1
0
2
0
0
0
0
0
0
5
0
0
0
0
2
0
0
0
0
2
0
0
0
0
0
1
0
0
0
0
0
0
0
0
0
0
0
0
3
0
0
0
0
40
0
0
0
0
0
0
0
0
0
0
0
1
3
0
0
5
0
0
0
0
0
0
12
0
0
0
0
0
0
2
0
0
0
0
1
0
2
10
20
0
0
0
0
0
29
0
4
0
0
0
0
0
0
0
0
0
0
0
0
0
0
0
0
1
7
0
0
0
30
0
0
0
10
0
0
0
0
0
0
1
0
0
0
2
0
1
1
0
0
0
0
2
0
0
0
0
0
0
1
0
0
0
0
0
1
0
0
0
0
16
1
0
1
0
0
0
0
0
0
0
0
1
0
0
0
0
0
0
0
0
0
0
0
0
0
0
0
0
0
3
0
0
0
0
0
0
0
0
0
0
0
0
0
6
0
0
0
0
0
0
0
0
6
9
0
0
0
0
1
3
0
0
0
0
0
0
1
0
0
299
0
0
1
0
0
0
0
0
0
0
0
0
0
0
0
0
0
0
0
0
2
2
0
0
0
0
0
0
0
0
0
0
0
0
0
1
0
0
4
0
0
0
0
0
0
1
0
0
0
0
0
16
0
0
0
0
1
0
0
1
0
0
1
2
0
0
49
0
7
0
0
0
0
0
1
0
0
0
0
1
0
0
0
0
0
0
0
0
2
0
0
0
0
0
0
0
0
0
0
5
0
0
3
0
0
0
27
0
0
0
0
1
0
0
0
0
0
0
0
0
0
0
2
0
0
0
0
0
0
12
0
0
0
0
0
0
0
0
0
1
0
0
0
0
0
0
0
0
0
0
0
0
0
0
1
0
0
0
0
0
0
0
0
0
27
1
1
0
0
36
0
2
0
0
0
0
0
0
0
254
0
0
0
0
0
0
0
299
1
0
2
0
0
0
0
0
0
0
0
0
9
1
0
0
0
0
1
0
0
0
0
0
0
0
0
1
13
0
0
0
0
0
0
0
0
29
0
0
0
77
0
0
0
0
0
0
0
0
0
13
0
0
0
0
0
0
3
4
0
0
1
22
0
1
0
0
0
0
0
0
0
0
0
0
0
1
0
0
0
0
0
0
0
0
0
0
1
0
0
0
0
0
0
0
0
0
0
0
0
0
0
0
0
0
0
0
0
0
0
0
0
0
0
0
0
0
0
0
0
0
0
0
0
0
0
0
4
0
0
0
0
0
0
0
0
0
0
0
0
0
0
0
0
0
0
0
0
0
0
0
0
0
0
1
0
0
0
0
0
0
0
0
0
0
0
0
0
0
0
63
0
0
0
9
1
0
0
298
0
0
0
0
0
0
0
0
1
0
0
0
0
0
0
0
13
0
0
1
0
0
0
0
0
2
0
0
0
0
0
0
7
0
0
0
12
0
0
0
0
0
0
0
0
6
0
0
0
0
0
0
1
0
0
0
0
0
0
0
12
0
0
0
0
1
0
0
0
0
0
0
0
0
0
0
0
0
0
0
0
0
0
0
0
0
0
0
0
0
0
0
0
1
0
0
0
0
0
0
0
0
0
0
0
0
0
0
0
0
0
0
0
0
0
0
0
0
0
0
0
0
0
0
0
0
0
0
0
0
0
0
0
0
0
0
0
0
0
0
0
0
0
0
0
0
0
0
0
1
0
0
0
0
3
0
1
0
0
0
0
0
0
11
0
0
0
0
0
0
0
69
0
0
0
0
0
0
0
86
0
0
0
153
1
0
0
0
0
0
0
0
0
0
0
2
0
7
0
0
0
0
0
0
12
0
0
0
0
0
0
0
0
0
0
0
0
3
0
0
0
0
0
1
0
0
0
0
0
0
0
0
0
0
0
0
0
0
0
4
0
1
0
3
0
13
4
0
0
0
0
0
0
0
4
0
0
0
0
0
0
0
20
0
0
0
0
0
0
0
0
0
0
0
2
0
0
0
0
2
0
0
0
0
248
27
0
0
0
0
0
4
0
0
0
0
0
0
0
0
0
1
0
0
0
0
0
0
2
0
0
0
0
0
0
0
0
0
0
0
1
0
0
0
0
0
0
0
0
0
0
0
0
0
0
3
0
0
0
0
0
0
0
9
0
0
1
18
0
0
0
0
0
0
0
0
0
0
131
5
0
0
0
0
0
0
0
0
0
300
1
0
0
0
0
0
0
0
0
0
0
0
0
0
0
0
0
76
0
9
1
0
0
0
0
2
0
0
0
0
0
0
0
0
0
0
0
0
5
0
0
0
0
0
0
131
0
0
0
0
0
0
0
1
0
215
0
0
0
0
2
0
0
0
0
0
0
0
0
0
0
0
0
0
0
0
0
0
0
0
0
0
18
0
0
0
0
0
0
0
0
0
0
0
0
0
0
1
0
0
0
0
0
1
0
0
0
0
0
0
0
0
0
0
0
0
0
0
0
2
0
0
0
0
0
0
0
0
0
0
0
0
0
0
0
0
0
3
0
0
0
0
0
0
0
0
0
0
0
0
0
0
0
0
0
0
0
0
0
0
2
0
0
62
1
0
0
1
0
0
23
0
1
0
9
0
0
0
0
0
0
0
0
0
1
0
0
0
0
0
0
0
0
2
0
0
0
0
0
0
0
0
0
0
0
17
0
0
0
0
0
0
1
0
1
3
0
0
3
0
0
0
0
0
95
0
0
0
0
0
0
0
0
0
0
0
0
1
0
3
11
0
0
0
0
0
0
0
0
0
0
0
0
0
0
0
0
0
0
121
0
0
0
2
4
0
0
0
0
0
0
0
0
0
1
0
0
0
0
0
0
7
0
0
0
0
0
0
0
0
0
0
0
0
0
0
0
9
1
0
0
0
0
0
0
0
0
0
0
0
0
0
0
0
0
0
3
0
0
0
0
0
0
0
0
0
0
0
0
0
0
0
2
0
0
0
1
0
0
0
0
0
0
0
0
0
0
0
0
0
0
0
1
0
24
0
1
0
0
5
1
0
0
0
0
0
0
0
0
0
2
0
0
0
0
0
0
0
0
0
0
0
14
0
3
0
0
0
2
0
2
0
0
0
1
0
0
1
0
0
0
0
2
0
0
0
0
2
0
0
0
0
0
0
0
0
0
3
12
3
0
0
0
0
0
0
0
0
0
0
0
0
12
0
0
0
0
0
0
0
0
0
0
0
0
0
0
1
0
1
0
2
0
0
0
0
0
0
1
0
0
2
0
2
0
0
0
0
0
0
0
1
0
0
4
0
0
0
0
0
0
1
0
0
1
0
0
1
0
0
0
0
0
0
0
0
0
0
0
0
0
0
0
0
0
0
0
0
1
0
0
0
0
0
0
0
0
0
0
0
0
299
0
0
0
10
0
0
0
6
0
0
0
0
0
0
0
0
0
2
0
30
0
0
0
15
1
0
0
0
0
0
0
0
0
0
0
0
0
0
0
0
0
0
0
0
0
0
0
0
0
0
0
0
0
0
0
0
2
0
0
0
0
0
0
0
0
10
0
0
0
0
1
0
0
0
0
0
0
0
0
0
0
0
1
0
0
0
0
0
0
0
0
0
0
2
0
0
0
0
0
0
0
0
0
0
0
1
0
0
0
0
0
0
0
0
1
0
0
0
0
0
0
0
0
0
0
0
0
0
0
1
0
0
0
0
0
0
1
0
1
0
0
0
0
0
0
0
0
0
0
0
0
0
0
0
0
0
0
0
0
0
0
0
1
0
0
23
0
0
0
0
0
0
2
0
0
0
43
0
0
0
1
10
0
0
0
1
0
300
0
0
0
0
0
0
0
0
0
0
0
0
0
0
0
0
0
20
0
0
1
1
0
0
1
0
0
0
1
0
0
0
0
0
0
0
0
0
0
0
12
1
0
0
0
0
0
4
0
0
0
0
0
0
0
0
3
0
0
0
0
0
0
0
0
0
0
0
0
1
0
0
0
0
0
0
0
0
1
0
0
0
0
0
0
0
0
0
0
0
0
0
0
0
0
0
2
0
0
0
0
0
0
1
0
0
0
0
0
0
0
0
0
0
19
1
0
0
0
0
0
0
0
0
0
0
0
0
12
8
1
0
0
0
0
0
0
0
0
0
0
0
0
0
0
0
0
0
0
0
0
0
0
0
0
1
35
0
0
0
0
0
0
0
1
0
0
2
42
0
1
0
1
3
0
3
0
0
0
300
0
0
0
0
1
0
0
53
0
0
0
0
1
0
2
0
0
0
0
0
0
0
0
0
43
0
1
0
0
0
0
0
0
16
0
0
10
0
0
0
0
0
0
0
0
0
0
0
0
0
27
0
0
0
0
0
0
3
5
0
0
0
0
0
0
0
0
0
0
0
0
0
0
0
0
4
0
85
2
0
1
0
0
6
0
0
0
0
0
0
0
0
9
0
0
0
0
0
0
0
0
0
0
0
0
0
0
0
0
0
0
0
0
0
1
0
0
0
0
0
0
0
0
0
0
0
0
0
1
0
0
0
0
0
0
0
0
0
1
0
0
0
0
0
0
0
0
0
0
0
0
0
0
0
0
0
0
0
0
0
0
5
0
0
0
2
1
173
0
0
0
300
0
0
0
0
0
0
0
0
0
0
0
0
2
0
0
0
0
0
0
0
0
0
0
7
0
0
1
0
0
5
0
0
0
0
0
0
0
0
0
0
0
1
1
12
0
0
0
1
0
0
0
0
0
0
0
0
0
5
1
0
25
0
0
1
0
0
0
0
0
0
0
0
0
0
8
66
3
0
0
0
0
0
0
0
0
0
0
0
2
0
0
1
0
0
0
4
0
0
0
0
4
0
0
0
0
3
0
0
0
0
0
0
1
0
0
0
0
0
0
0
0
0
0
0
0
0
0
1
0
0
0
0
0
0
0
13
0
1
0
279
0
0
0
0
0
0
0
0
0
0
0
0
0
0
0
5
0
1
0
0
0
0
0
0
0
0
0
0
0
0
0
0
0
0
0
0
0
0
0
0
0
7
0
0
0
0
2
0
0
0
0
0
0
35
0
0
0
252
0
0
0
3
0
0
0
113
0
64
0
9
0
0
0
1
0
0
0
0
5
2
0
0
0
0
0
0
0
0
0
0
0
0
0
0
0
0
0
0
0
0
1
14
0
0
0
0
0
0
2
0
0
1
0
0
0
3
0
0
1
0
0
0
1
0
0
0
0
0
2
0
2
0
0
0
1
0
0
0
0
0
0
0
0
0
1
0
23
0
0
0
0
0
0
0
0
0
0
0
0
0
0
0
0
0
0
0
0
35
0
0
0
0
0
6
1
0
0
0
0
0
0
0
0
300
0
0
0
0
0
0
0
0
2
56
0
0
0
0
0
0
0
0
33
0
0
0
0
0
0
0
4
0
0
0
3
0
0
0
16
0
0
0
5
0
0
0
0
0
0
0
0
0
0
300
0
1
0
0
0
0
0
0
0
0
0
78
0
0
0
0
0
0
0
0
0
0
0
1
0
0
0
8
0
0
0
7
0
0
0
0
0
0
0
0
0
0
0
10
0
0
10
1
0
0
0
5
0
0
3
0
0
0
0
0
0
0
0
9
0
0
0
0
5
0
11
0
0
247
0
4
0
0
0
0
0
0
0
0
1
0
1
1
0
0
0
0
0
0
0
0
0
0
0
0
0
0
0
4
0
0
1
1
6
1
0
0
0
0
0
0
0
0
0
1
0
0
0
43
0
0
0
0
0
0
0
0
0
0
0
0
0
0
0
0
0
0
0
0
0
0
0
3
0
24
4
0
0
0
0
0
1
0
0
1
20
0
0
1
0
300
36
0
0
0
0
0
0
0
0
0
0
0
0
0
0
1
0
0
0
0
0
0
0
1
0
0
0
0
0
0
0
0
0
0
0
0
0
0
0
0
0
0
0
0
0
0
0
0
0
0
0
0
0
0
0
0
0
0
0
0
0
0
0
0
0
0
0
0
0
0
0
0
0
0
0
0
0
0
0
0
0
0
0
0
0
0
0
9
0
0
0
27
0
0
0
0
0
0
0
2
0
0
0
0
6
1
78
0
0
0
0
1
84
0
0
0
0
0
0
0
0
0
0
0
14
0
0
0
0
0
0
0
0
0
0
0
0
0
0
0
0
0
0
0
0
1
0
0
0
0
0
0
0
0
1
0
0
0
0
0
0
0
2
0
0
15
0
0
0
0
0
0
0
0
4
0
0
0
0
300
2
43
3
0
0
0
0
0
0
0
0
3
0
0
0
0
0
0
0
0
0
0
0
0
0
0
0
0
0
0
0
26
16
3
0
0
1
300
0
0
0
0
0
0
0
0
5
248
0
1
0
0
0
0
0
0
0
0
8
0
0
0
37
0
0
0
78
0
0
0
0
0
2
0
0
2
0
0
0
0
0
1
0
3
0
1
0
0
0
0
0
0
0
0
15
37
0
0
2
0
0
0
0
108
0
0
0
0
0
0
0
0
3
0
0
0
0
0
0
0
5
0
0
81
0
0
0
0
0
106
0
8
0
0
0
0
0
0
300
0
0
0
0
0
0
6
0
0
0
0
0
0
7
32
0
0
0
0
0
0
0
0
0
0
0
0
0
0
0
