89
0
2
2
7
0
0
0
0
0
80
0
0
0
0
3
0
0
0
17
1
2
0
0
0
0
2
0
0
1
8
0
0
0
3
4
0
2
0
0
1
0
0
0
4
0
115
3
0
4
0
0
0
4
1
0
0
0
0
0
3
0
0
0
0
2
0
0
0
0
0
3
7
0
1
0
0
1
5
0
66
0
0
10
0
0
0
0
0
0
0
0
0
0
0
0
0
0
11
0
161
0
1
0
0
0
2
0
31
0
2
7
0
1
0
1
0
1
0
0
0
0
0
0
0
1
0
1
0
0
0
1
0
2
1
0
0
2
0
0
0
0
0
0
1
0
0
0
14
0
7
0
0
0
0
1
0
0
0
0
0
0
0
0
0
0
0
0
0
0
0
0
0
0
0
0
0
1
0
0
1
0
0
0
0
0
0
22
0
0
0
0
0
0
1
0
0
0
0
0
0
0
0
0
0
0
1
0
111
0
0
0
0
0
0
0
0
0
0
0
0
0
0
1
0
0
0
0
0
0
0
0
0
0
0
0
0
0
0
0
0
0
0
0
0
0
0
1
0
0
1
0
3
0
0
1
0
0
0
0
0
9
0
0
0
0
0
0
0
0
0
1
0
0
0
0
0
238
0
0
0
2
1
0
0
2
0
0
0
0
15
0
0
0
0
0
0
0
1
0
0
0
0
0
0
0
2
1
0
0
0
0
0
59
10
0
0
0
0
0
0
0
0
0
0
0
0
0
0
0
1
0
0
0
0
0
0
0
0
0
10
0
6
127
0
2
0
0
1
0
0
0
4
0
0
0
5
0
0
0
0
0
0
6
44
0
0
0
0
1
1
0
86
0
0
0
0
0
0
0
0
0
0
0
0
0
0
0
371
0
0
0
0
0
1
0
0
38
0
0
0
0
0
0
3
0
0
4
0
0
13
0
0
0
0
4
0
3
0
0
3
0
0
0
0
0
0
0
0
0
0
9
0
0
0
0
0
1
0
0
46
5
0
0
0
0
0
0
2
2
0
0
0
0
0
0
0
1
13
0
0
0
0
0
0
0
0
0
0
0
0
1
0
0
0
0
2
0
1
0
0
0
0
0
0
0
5
0
0
0
0
2
0
1
0
0
0
0
6
0
0
0
20
0
3
0
0
0
0
0
0
0
0
3
0
1
0
0
0
0
0
0
0
0
0
1
0
0
0
0
0
0
1
1
0
0
0
0
0
3
0
0
0
0
0
0
1
0
0
0
54
0
0
0
1
8
0
0
500
0
0
0
0
9
354
0
0
1
0
0
0
0
69
0
0
0
241
4
0
0
0
0
0
0
0
66
0
0
0
0
0
0
0
0
4
0
0
0
0
0
2
0
0
0
0
0
0
0
0
0
0
0
0
0
0
0
16
0
0
1
1
0
1
0
0
11
0
0
0
0
0
0
0
0
4
0
11
0
0
0
0
0
0
0
0
142
0
0
0
0
0
2
0
0
0
0
0
0
0
0
0
0
0
0
0
0
0
0
0
0
0
0
0
0
0
280
0
4
0
1
0
0
0
0
0
0
0
0
0
0
0
0
0
0
0
0
0
1
0
9
0
0
0
3
21
3
1
0
0
0
1
296
2
3
0
0
0
0
0
0
0
0
0
3
151
0
0
0
0
0
3
0
1
0
0
0
0
0
0
0
455
1
0
0
0
0
0
0
69
0
4
0
2
0
256
0
0
0
0
0
1
0
0
0
0
1
0
0
0
0
17
5
1
0
0
0
0
11
297
3
0
0
7
0
0
14
0
12
2
0
0
0
3
0
0
0
0
0
0
0
13
0
11
0
6
0
0
0
3
0
0
0
0
6
0
0
0
0
7
0
0
0
0
0
0
0
0
0
0
0
0
0
0
0
0
0
0
0
0
1
0
0
0
0
0
0
0
0
0
0
0
0
0
0
0
1
0
1
0
0
2
2
0
0
0
0
0
0
0
0
0
0
1
0
0
0
0
0
0
0
0
0
0
0
0
0
0
2
0
0
0
0
0
50
0
0
0
0
0
10
0
3
1
0
1
0
14
0
0
3
0
0
0
0
0
0
0
3
0
0
0
10
13
4
0
0
289
0
1
3
0
0
0
0
3
0
0
7
0
0
0
0
0
0
56
0
0
0
0
0
35
0
0
0
0
0
0
20
0
0
5
0
0
0
0
0
2
1
0
0
0
0
0
0
0
0
0
0
33
0
0
0
0
0
0
0
0
0
0
0
0
4
0
0
1
0
6
0
0
3
0
0
0
27
27
0
0
5
0
0
0
0
0
0
5
0
0
0
1
0
0
2
0
1
0
0
0
0
0
1
2
0
1
0
0
0
3
0
3
0
18
1
0
0
0
4
0
0
0
0
0
0
0
0
1
0
0
1
0
0
0
0
0
0
0
1
0
0
1
1
0
0
2
0
0
0
0
0
0
0
2
0
12
2
0
0
0
1
0
0
0
0
0
0
0
0
0
1
0
0
8
0
38
0
317
0
0
1
0
0
3
0
8
0
0
18
0
14
0
0
0
0
0
0
0
37
2
4
0
2
21
1
0
0
1
0
0
1
1
1
0
0
0
0
0
1
1
0
2
0
0
0
0
0
0
1
0
0
0
0
5
0
0
0
0
0
0
0
23
0
0
0
1
0
0
0
0
0
1
2
0
0
0
43
0
0
9
71
0
0
0
2
0
0
0
1
0
0
0
0
0
1
0
0
0
1
0
0
0
0
0
0
0
0
0
23
0
0
0
0
6
392
9
59
1
0
0
0
6
0
1
0
20
0
0
0
0
0
1
0
0
0
0
0
0
433
0
1
0
0
1
0
0
0
0
0
0
0
0
0
0
0
0
0
0
0
0
1
0
13
7
0
20
0
0
59
1
0
0
0
1
143
0
0
0
0
0
0
0
0
0
14
17
1
0
0
0
0
0
0
0
0
0
0
0
0
1
3
3
5
0
0
4
0
0
0
0
1
75
0
0
0
0
3
2
0
4
0
0
1
0
0
0
0
2
3
0
0
0
0
0
0
0
0
9
4
0
2
0
0
0
0
0
0
52
0
20
13
1
0
0
0
0
0
0
0
0
0
1
0
2
0
1
0
0
0
0
1
1
0
0
0
0
0
0
0
0
20
0
0
0
0
0
0
0
0
0
0
0
0
0
0
19
0
0
0
23
0
0
0
0
0
0
0
0
0
0
0
0
0
0
0
0
2
8
5
0
0
0
0
0
0
0
6
308
0
0
26
0
1
0
2
0
6
0
2
0
3
0
1
21
0
0
0
0
3
0
0
21
0
439
2
0
0
416
15
0
0
0
3
0
0
5
0
0
0
0
14
9
0
2
0
0
0
2
0
0
16
0
0
0
0
0
0
0
1
0
9
14
0
0
1
0
1
0
0
0
0
0
1
0
0
0
6
0
0
0
2
0
0
0
0
0
0
0
0
0
9
3
0
0
0
1
6
0
0
4
0
0
0
0
13
0
53
0
0
0
0
0
1
0
0
0
6
0
1
0
0
1
1
0
0
4
0
0
0
0
0
0
0
2
0
0
0
0
0
0
0
0
0
3
8
10
0
7
0
0
0
0
0
0
0
0
0
0
0
0
0
0
0
0
1
0
0
1
0
0
0
0
0
0
0
0
8
11
0
0
0
0
0
6
0
6
0
1
0
3
0
0
0
2
1
0
1
0
0
0
0
0
3
59
3
0
0
386
0
64
0
1
0
7
2
0
0
0
0
0
50
0
0
0
0
3
0
0
0
0
0
6
0
0
0
0
1
0
0
0
0
0
0
0
0
0
0
0
0
0
0
2
0
1
0
0
0
0
0
0
0
0
1
1
0
6
1
28
1
1
1
0
0
0
0
2
0
0
0
0
0
1
0
0
0
0
0
0
12
0
0
0
0
12
0
0
0
16
0
0
0
7
13
0
4
0
0
0
0
3
0
0
19
0
0
0
102
0
10
0
0
0
0
0
2
0
0
0
7
0
5
0
1
0
0
0
0
0
0
0
0
0
0
0
0
1
0
0
0
0
0
0
0
496
0
6
0
0
0
0
0
0
0
0
0
0
0
0
0
0
0
0
2
0
0
2
0
0
14
0
0
0
1
369
6
0
6
0
0
2
0
0
0
0
0
0
1
0
0
0
0
0
0
0
1
0
0
0
2
0
0
0
0
0
0
4
0
0
0
0
2
5
1
0
0
0
0
0
0
0
0
0
0
0
0
0
0
0
0
0
0
0
1
0
0
0
1
0
0
0
0
0
0
0
0
0
8
6
0
0
1
0
0
2
1
59
0
3
1
0
0
0
0
0
0
0
1
0
0
6
0
3
0
0
0
0
0
1
1
0
0
0
2
5
0
0
12
0
1
0
3
0
0
0
9
0
3
1
1
1
0
0
107
0
0
5
0
21
0
0
0
0
486
0
0
95
0
0
0
0
0
0
0
1
0
0
0
0
0
0
0
0
0
0
4
0
0
0
0
74
0
1
1
0
0
0
5
0
0
8
0
500
0
0
0
0
0
0
38
0
0
0
0
0
2
0
0
0
0
77
2
0
1
0
8
14
0
0
0
0
0
0
0
0
30
0
0
0
0
0
0
19
0
29
0
0
0
0
0
0
0
0
0
0
0
0
55
0
0
0
0
0
0
0
0
0
0
0
0
0
4
11
0
0
0
0
0
0
0
0
5
3
0
0
0
0
0
1
0
4
0
0
0
0
0
0
1
1
0
15
0
0
0
0
0
0
0
11
1
2
0
0
0
0
11
0
0
0
0
0
0
0
0
61
0
0
12
0
0
0
0
1
0
0
0
0
0
0
0
0
0
0
0
17
0
0
2
0
0
0
0
0
0
0
0
0
182
0
0
0
1
1
0
1
0
28
0
0
0
0
0
0
0
0
0
12
0
6
2
7
0
0
3
0
0
0
0
399
0
0
0
0
0
0
0
0
0
0
0
0
0
0
0
0
0
0
0
27
0
1
0
0
0
0
0
1
0
56
0
0
0
0
0
0
1
0
0
10
0
24
0
0
0
0
0
0
0
0
0
0
0
0
0
0
1
0
0
0
0
0
0
1
0
0
1
0
1
0
0
0
1
0
0
1
0
0
0
2
0
7
0
0
0
2
0
0
0
0
0
0
5
0
0
0
0
0
0
0
0
0
0
0
0
0
0
0
0
0
0
0
0
0
0
0
0
0
0
0
0
0
1
0
0
0
0
1
0
14
0
0
0
0
0
0
0
0
10
1
0
0
0
6
0
1
0
0
0
3
0
0
0
0
0
0
0
4
0
0
0
0
8
0
0
0
0
0
0
0
0
3
5
0
0
0
2
0
1
60
0
2
0
0
0
0
17
0
0
0
0
0
0
0
0
0
0
0
0
1
0
0
0
0
0
0
0
135
0
33
0
0
0
0
0
0
0
1
0
0
0
0
0
0
0
0
62
0
0
0
1
0
0
0
0
0
0
0
0
4
5
1
0
0
0
3
0
3
0
0
7
1
0
0
0
0
0
0
0
0
1
0
0
0
0
0
0
0
0
0
0
3
0
0
0
17
0
0
0
0
0
0
0
0
4
5
0
0
0
0
0
0
2
1
0
1
0
0
0
2
0
0
1
0
0
0
0
0
0
0
0
0
0
1
0
0
0
0
0
0
0
0
0
0
0
0
0
0
0
0
0
0
0
0
0
18
0
0
0
0
2
0
1
0
0
0
118
0
0
0
0
0
0
0
1
0
0
0
0
498
1
0
2
0
1
0
1
8
0
0
1
0
0
0
2
0
0
0
3
0
0
5
6
0
0
36
0
1
0
1
0
0
1
1
0
0
24
0
0
0
0
0
0
9
0
0
0
0
0
5
0
1
0
0
1
0
0
0
1
0
0
2
0
1
0
0
0
0
4
0
0
0
0
6
0
0
0
12
273
16
0
0
0
0
0
1
1
0
60
0
0
0
0
1
54
0
0
0
0
0
0
0
0
4
0
493
0
115
2
0
0
0
5
123
0
0
0
0
0
0
4
2
24
36
0
0
0
0
61
0
0
8
0
0
0
0
0
0
0
0
0
0
0
0
0
1
0
0
3
7
0
0
0
0
0
0
1
0
1
5
0
0
3
0
0
0
1
0
0
0
2
0
0
0
0
271
0
0
1
370
0
15
1
366
5
4
0
0
0
0
0
0
0
6
0
0
0
0
0
0
0
0
1
0
1
0
0
0
0
84
31
0
0
0
0
0
9
0
0
1
0
0
0
3
59
1
0
0
0
2
80
12
1
0
0
0
0
1
0
0
0
0
1
0
0
0
0
0
1
0
0
0
12
0
0
0
0
0
0
0
0
7
0
0
0
16
0
0
0
2
2
2
0
0
4
0
0
0
0
1
0
0
0
0
0
3
0
0
0
0
0
0
0
0
0
0
0
2
0
0
0
0
0
0
0
22
0
0
0
0
0
0
0
0
0
4
0
1
6
0
0
0
0
0
0
0
0
0
0
0
4
0
17
0
0
2
0
0
0
0
4
5
1
0
0
0
0
32
0
0
0
0
0
500
0
18
0
0
0
478
0
0
0
50
0
0
0
0
0
0
0
0
1
0
1
0
0
0
0
1
0
0
28
0
0
0
0
2
0
0
3
0
0
0
0
0
0
0
0
0
7
0
0
0
0
7
0
1
0
0
7
0
0
0
1
2
0
29
0
0
0
1
1
10
1
0
0
0
0
1
0
0
0
1
0
0
0
0
0
0
0
0
1
1
1
0
4
4
0
0
0
0
0
0
0
0
0
0
0
24
0
0
0
0
0
0
0
0
1
1
0
0
0
1
0
14
0
0
0
0
0
0
0
0
0
1
14
2
0
0
0
99
1
0
0
0
0
0
0
0
5
0
0
0
0
0
0
0
0
0
0
0
0
1
4
0
0
0
0
0
0
0
0
0
0
7
2
3
0
0
0
0
0
0
0
41
1
0
2
425
0
38
0
0
0
0
0
0
0
0
0
0
0
2
1
0
0
0
0
1
0
0
0
4
0
0
0
0
0
0
0
0
6
9
0
219
17
0
0
23
0
0
0
1
2
2
0
0
5
0
1
6
0
0
1
0
0
1
0
75
0
0
0
2
2
0
0
0
0
0
0
0
0
0
0
2
0
0
0
6
0
2
14
14
0
1
0
0
0
0
0
0
0
0
0
0
0
9
1
0
0
0
5
9
0
0
0
0
0
0
0
0
0
0
0
5
0
0
27
121
0
1
1
0
0
0
0
0
115
0
0
2
0
0
0
0
0
0
0
1
0
1
8
0
0
2
0
0
0
0
2
0
1
0
3
1
1
0
0
0
0
0
40
0
0
0
0
2
0
0
0
0
0
2
0
464
90
0
0
446
0
0
0
9
0
0
0
0
0
0
0
0
0
1
0
0
0
0
0
0
0
27
0
0
5
2
1
0
0
61
0
0
0
3
0
0
1
1
4
0
0
0
0
0
0
4
0
0
0
0
0
0
4
0
0
0
0
3
1
0
0
0
0
1
0
0
0
0
0
1
5
2
0
0
6
0
0
0
0
7
0
0
0
0
0
0
0
1
5
0
0
0
2
0
0
0
0
0
0
40
0
0
3
0
11
6
0
0
0
0
1
90
0
12
0
0
0
0
10
0
0
0
2
2
0
47
115
3
0
0
0
0
0
0
0
0
2
0
5
0
3
0
0
0
0
0
408
1
0
0
0
0
0
0
0
0
0
3
0
0
3
0
0
0
0
0
1
0
4
0
0
0
0
0
1
107
0
1
1
59
0
12
1
0
0
0
0
0
3
1
0
0
0
0
0
0
2
2
22
0
121
2
0
0
0
0
44
0
0
15
0
0
3
1
0
0
0
0
0
1
0
1
1
0
4
1
0
0
0
0
0
0
0
0
11
2
0
51
0
0
1
24
0
0
0
0
0
0
0
0
0
16
0
0
0
0
1
0
0
0
0
0
15
0
0
0
4
0
0
0
0
0
0
0
0
0
0
0
8
0
1
0
0
0
0
5
0
0
0
1
0
0
0
0
1
0
0
0
0
0
0
0
0
0
4
0
0
0
0
0
0
9
0
0
0
1
485
1
0
17
0
0
7
0
0
0
57
2
2
0
0
0
41
0
0
