0
0
0
0
0
0
0
0
0
0
0
1
0
6
0
0
78
0
0
0
0
0
0
0
0
2
0
0
0
0
0
0
0
1
2
48
1
1
0
19
0
0
0
0
0
0
11
8
0
7
0
0
0
1
0
1
34
0
0
15
0
0
0
0
1
0
70
0
1
0
0
0
1
6
0
0
0
1
0
0
0
0
0
11
12
0
0
0
37
0
0
0
2
0
0
0
0
0
7
0
0
0
0
0
0
0
0
0
0
0
0
0
25
3
0
2
0
0
0
0
0
0
23
2
0
0
0
0
0
0
0
308
1
0
0
0
5
18
0
0
0
1
36
75
0
1
0
0
6
0
0
0
0
0
0
0
1
0
0
0
0
2
0
0
0
0
1
3
0
0
1
0
0
95
0
0
0
0
0
0
0
0
2
3
1
0
0
0
0
70
0
11
3
0
0
0
0
1
0
0
0
0
0
0
0
19
0
0
0
0
0
0
0
0
0
0
0
0
0
0
0
0
0
0
8
0
0
0
2
17
0
2
22
0
0
6
1
0
22
0
4
0
0
1
0
0
0
0
0
0
0
0
0
0
0
0
79
0
0
0
0
0
0
0
0
4
0
0
0
0
1
0
1
0
0
0
0
0
1
0
11
0
49
0
0
0
0
1
0
1
0
0
5
0
0
0
8
0
0
34
0
0
10
0
10
0
0
0
0
8
80
0
2
10
1
0
0
0
0
0
0
1
0
0
0
0
0
0
0
0
1
0
1
0
0
0
0
0
0
0
1
0
0
0
0
0
0
0
0
0
0
0
0
0
0
0
0
0
0
0
0
0
0
0
0
0
0
0
0
1
147
0
267
0
0
0
0
0
0
0
1
0
0
0
0
68
0
0
0
0
1
2
0
0
0
0
47
0
0
0
0
0
0
40
0
1
0
0
0
0
0
0
0
0
6
0
14
0
0
8
0
1
0
0
0
1
0
4
0
0
1
0
0
0
0
44
0
0
0
0
24
0
0
4
5
0
0
0
1
0
0
0
0
3
0
0
0
0
0
0
0
0
0
3
0
1
0
3
1
0
0
1
0
0
218
0
1
1
0
0
0
0
0
0
0
0
0
0
1
0
1
0
0
1
0
0
0
0
0
0
0
24
35
2
198
2
0
0
0
0
0
0
15
0
0
0
0
0
0
0
0
0
0
0
0
0
1
2
0
0
0
0
0
0
0
3
0
0
0
0
0
21
3
0
0
0
24
0
2
1
496
0
0
0
322
45
0
0
83
0
0
0
22
0
0
0
293
0
0
0
0
0
0
0
0
0
0
0
0
1
2
0
7
0
0
0
2
17
0
0
0
0
0
0
25
0
0
0
0
0
1
4
0
0
0
0
0
0
0
0
0
20
0
0
0
0
0
0
7
0
0
1
29
0
0
1
0
0
0
0
1
1
0
0
12
0
71
0
0
0
0
9
0
0
0
0
0
16
0
0
3
1
0
0
0
44
0
23
0
4
0
0
4
0
0
1
0
171
0
0
0
0
2
1
0
0
0
0
0
0
0
0
0
0
7
1
0
0
0
0
0
0
0
0
0
0
0
0
0
0
0
0
0
1
1
0
0
0
0
0
0
0
0
0
0
2
0
0
0
0
1
48
0
0
0
0
0
0
18
0
0
0
0
0
5
0
40
3
500
0
3
0
131
4
0
0
0
0
0
0
1
0
0
0
11
0
3
0
0
0
1
0
376
0
0
0
0
1
0
1
0
0
1
0
0
0
6
0
18
0
0
1
2
0
0
0
0
0
0
33
0
1
7
7
0
0
0
0
0
0
0
0
0
28
0
0
0
0
35
0
0
0
0
1
0
2
2
0
40
0
9
6
0
0
0
0
0
0
0
0
0
0
0
0
0
0
0
0
0
0
1
1
0
2
0
0
1
0
1
0
0
0
0
0
0
53
0
1
0
0
0
0
1
22
0
3
0
0
1
0
1
0
0
0
1
0
0
0
0
0
0
0
12
0
0
0
0
0
0
0
0
0
9
1
0
0
0
0
0
31
0
14
0
1
0
0
0
0
0
0
148
3
1
0
10
0
0
0
1
0
1
0
9
0
0
0
0
7
0
0
0
0
0
0
0
3
4
0
1
0
0
0
237
0
1
28
73
0
10
4
0
0
0
0
1
6
0
3
3
0
9
0
0
0
0
0
0
0
28
0
5
6
0
0
0
0
0
3
0
0
0
0
0
0
0
0
0
0
0
1
40
0
0
0
0
0
0
0
0
0
0
0
0
0
0
2
0
0
0
0
0
0
0
0
0
3
49
0
0
0
0
0
0
0
0
0
0
0
1
5
0
0
0
0
0
60
0
0
0
0
0
0
0
0
0
4
0
0
0
0
0
7
0
0
0
0
0
0
0
0
2
0
0
0
0
0
4
1
0
0
0
0
0
0
0
0
0
0
0
0
0
2
1
0
0
3
0
0
0
0
491
0
0
0
7
0
80
0
0
0
0
0
312
0
0
0
2
0
0
0
0
0
2
0
0
0
0
0
0
65
0
0
0
1
0
1
0
0
0
0
0
1
5
0
0
1
0
0
37
0
4
0
0
0
0
0
0
0
0
0
1
29
29
0
5
3
2
8
0
0
1
0
0
7
0
0
0
0
9
0
0
0
1
0
0
0
0
0
0
0
0
0
0
0
0
2
5
0
0
0
0
0
0
0
0
0
0
1
0
0
1
0
0
0
0
0
2
0
0
0
10
1
0
0
0
0
0
0
0
0
0
0
146
1
0
0
0
0
1
0
0
0
0
3
0
0
0
0
0
86
0
0
0
14
1
0
0
0
1
0
0
0
1
0
0
0
0
0
0
1
0
0
22
0
1
0
0
0
0
2
1
189
17
0
0
0
86
0
0
0
0
1
1
0
0
0
0
0
0
0
1
0
0
7
0
0
1
0
0
0
0
0
6
2
1
0
0
1
0
0
0
0
0
1
0
0
0
1
73
0
1
0
0
3
0
0
22
7
2
0
0
1
1
7
0
20
2
4
1
0
2
0
16
0
0
0
0
0
1
9
1
0
0
0
0
1
0
17
14
0
0
3
0
2
0
0
0
0
0
0
0
2
23
6
0
0
0
0
3
0
0
0
0
2
0
0
0
0
104
1
0
62
0
0
0
1
0
0
0
1
1
0
0
0
194
0
1
0
0
0
1
0
0
0
0
0
0
0
2
0
0
0
0
0
0
0
0
0
0
0
0
0
0
0
0
0
0
0
0
0
0
271
0
0
0
0
1
0
28
2
0
0
0
0
0
0
40
4
0
0
0
0
0
0
0
0
1
3
0
0
0
2
0
0
0
0
44
0
0
0
9
0
0
0
0
1
0
1
0
0
0
0
0
138
0
0
52
3
13
11
43
19
0
6
0
0
4
0
6
0
0
0
2
1
0
0
77
5
0
0
0
0
0
0
0
0
0
0
0
0
4
0
0
0
0
1
0
0
0
0
22
0
0
1
1
13
0
0
0
0
0
0
0
0
0
405
0
0
0
0
18
0
0
0
0
0
0
0
1
0
0
0
0
0
0
0
53
0
3
0
0
0
0
0
6
0
0
0
0
0
0
0
0
0
0
0
0
0
0
0
0
0
1
0
0
0
0
25
0
1
0
1
0
6
0
0
2
0
0
0
26
0
0
1
0
1
0
0
0
0
1
0
0
0
0
0
31
0
53
0
0
0
64
1
45
0
1
7
0
26
74
0
0
0
0
0
13
0
0
0
0
0
2
0
0
0
1
6
0
0
0
0
0
0
0
0
44
0
1
0
0
0
0
0
0
9
13
0
0
0
1
0
9
0
3
0
0
0
3
0
1
0
0
1
6
1
2
1
0
0
18
32
0
0
0
0
1
0
1
5
1
21
0
11
1
0
0
4
0
0
0
0
53
2
1
0
4
0
0
0
0
0
0
0
0
0
0
0
1
0
0
420
0
0
0
0
0
0
0
4
0
0
1
44
92
0
0
0
0
1
0
0
0
0
0
0
0
0
0
0
0
0
0
0
0
0
8
0
0
0
0
0
0
0
0
0
0
1
0
0
0
40
0
1
0
0
1
226
0
0
484
0
110
0
0
0
0
0
0
8
0
0
0
2
0
1
0
0
0
1
12
0
1
6
0
0
0
0
0
0
0
0
0
0
0
1
28
0
442
0
0
0
0
0
0
1
1
0
0
0
0
0
1
0
0
0
3
0
1
0
0
2
0
2
1
0
1
0
0
0
0
0
0
0
3
0
1
0
9
0
0
0
0
0
0
0
28
0
0
0
0
2
1
0
0
0
0
1
0
0
0
4
0
0
0
447
0
0
46
2
0
0
0
0
0
0
0
0
0
0
29
3
0
0
0
0
0
290
5
0
0
0
0
0
0
3
2
10
0
0
0
0
0
0
5
0
0
0
5
0
0
0
0
0
0
50
0
0
0
0
0
0
21
9
0
1
0
0
0
0
0
0
1
1
0
4
1
0
6
0
0
0
0
0
6
8
0
18
0
0
0
13
95
0
0
16
1
0
0
0
17
9
1
0
0
0
0
0
0
0
0
0
347
0
27
1
0
0
5
0
0
0
15
0
0
0
0
0
0
0
0
0
6
29
0
0
0
4
0
4
1
0
0
0
40
0
0
8
12
0
0
9
0
0
30
0
0
1
17
0
0
0
0
0
6
0
0
0
0
0
11
69
3
0
0
0
0
1
0
0
0
0
0
0
0
2
0
14
0
0
0
0
0
0
0
0
0
0
0
0
19
0
0
0
7
0
0
0
1
0
0
0
0
0
329
0
0
20
0
0
0
0
0
0
0
0
0
0
18
0
0
0
0
0
1
0
0
0
0
0
0
0
2
0
0
0
0
0
0
0
0
0
116
0
0
30
0
1
0
0
0
0
25
0
0
0
499
0
0
0
0
0
0
0
0
32
0
0
0
0
1
0
0
0
0
6
0
0
0
0
0
0
67
0
4
0
2
0
1
0
0
0
0
0
0
0
0
0
0
0
9
0
0
0
0
0
0
0
0
2
0
0
0
0
0
0
3
0
0
3
0
0
17
0
0
0
1
0
0
0
0
0
0
1
1
0
0
0
0
0
0
0
13
1
7
0
1
0
0
1
0
3
0
0
0
0
0
2
0
0
0
2
0
1
0
2
0
2
0
0
0
1
0
494
0
42
1
0
0
0
1
0
0
8
1
0
1
0
0
0
0
0
0
0
0
0
0
0
0
0
0
0
0
0
0
0
0
0
0
2
0
0
1
0
2
0
0
0
0
0
0
1
0
2
0
0
2
53
0
1
10
0
5
0
0
0
86
0
0
0
0
0
2
0
0
0
0
0
0
0
0
0
0
0
0
2
7
0
0
0
0
0
1
0
0
0
0
0
4
0
0
73
0
0
0
0
0
0
0
0
0
244
0
0
0
0
0
0
0
4
0
1
0
17
1
0
3
0
0
0
0
0
0
0
0
0
0
0
0
0
0
0
0
0
0
0
83
0
0
0
0
0
0
0
6
0
0
0
0
0
0
0
1
0
5
0
2
0
0
0
23
0
0
0
0
0
0
0
0
0
1
0
0
10
0
0
0
0
10
0
0
0
0
278
0
39
2
0
0
0
0
0
0
0
0
0
0
0
0
0
6
5
0
0
41
0
0
0
0
0
0
0
13
0
0
0
0
0
0
0
0
0
0
0
0
0
0
8
0
0
0
0
0
0
0
0
0
0
0
0
0
5
0
0
0
0
103
0
0
1
0
47
1
2
0
2
6
5
0
7
0
0
0
0
5
0
4
0
0
0
0
0
2
0
0
0
0
0
0
0
0
2
0
0
0
0
0
0
0
0
4
0
0
0
0
3
0
0
0
0
0
0
2
0
0
0
0
0
0
0
145
0
0
0
0
0
0
0
10
0
0
0
0
0
0
0
0
0
0
0
0
0
0
0
5
0
0
0
0
0
0
1
0
0
0
0
2
0
0
0
54
0
9
0
14
0
0
0
0
0
0
0
0
0
0
0
0
0
0
0
0
7
0
0
0
0
0
0
173
0
0
0
0
0
12
0
0
0
0
0
0
0
0
0
0
0
0
0
0
0
0
1
0
0
0
0
0
0
37
0
390
3
50
0
0
0
0
0
0
0
0
0
0
5
0
0
132
0
0
0
1
2
0
1
0
4
0
4
0
10
0
3
0
0
0
0
0
0
0
0
0
0
0
0
2
0
4
0
0
2
0
0
0
0
0
2
3
0
1
0
9
3
0
0
3
2
44
1
0
0
0
1
17
0
0
1
0
0
0
0
0
0
0
0
1
0
0
0
0
0
3
1
0
4
0
16
0
0
0
0
0
1
0
0
4
1
0
0
2
51
0
0
0
0
0
0
4
6
0
0
0
0
0
0
0
0
0
0
0
3
0
8
0
0
0
0
0
0
0
0
0
0
0
0
0
0
0
1
0
0
0
1
0
0
0
0
1
1
0
0
0
1
1
0
0
0
0
0
0
0
1
0
0
1
0
3
1
1
7
0
3
0
0
0
0
0
0
0
0
0
0
9
67
5
0
0
0
26
0
0
0
30
0
0
0
0
0
2
0
0
0
0
2
0
0
0
0
0
2
0
0
0
16
0
0
17
0
1
0
0
0
0
1
0
14
0
0
0
73
0
0
0
0
0
0
0
1
7
17
0
2
0
1
0
0
0
0
0
0
0
0
0
0
0
0
0
15
0
0
30
3
0
0
1
0
0
0
0
0
0
17
0
0
10
0
0
0
0
0
0
0
0
0
0
0
0
0
0
1
0
2
0
0
0
0
0
1
0
0
0
2
8
0
0
0
1
0
0
2
0
0
0
1
0
1
0
1
0
9
0
0
0
0
4
0
0
0
0
0
0
0
0
73
0
130
0
0
2
0
0
0
3
0
0
0
0
239
1
0
0
284
14
3
0
0
3
1
77
2
1
0
0
0
0
0
0
467
0
0
0
1
2
0
0
0
0
0
0
0
0
0
5
0
1
0
0
122
0
0
0
0
0
0
5
2
1
2
0
5
0
1
1
44
0
0
0
0
0
0
3
160
0
0
1
0
1
0
0
0
0
0
0
1
0
1
0
0
0
0
0
0
0
1
5
0
0
0
0
0
0
0
0
56
5
0
0
0
0
0
0
0
27
0
1
10
0
0
1
0
0
0
0
1
0
0
0
0
0
0
0
0
1
1
0
0
0
0
0
0
0
59
5
0
0
0
0
0
0
0
0
0
0
0
0
0
0
0
0
0
0
0
0
0
0
0
4
0
0
0
0
0
0
0
0
0
1
2
0
0
0
1
0
0
0
0
0
0
0
0
22
217
0
2
1
0
0
0
0
0
21
0
2
43
2
0
5
167
0
0
0
0
0
0
0
0
0
0
0
0
3
0
4
2
6
0
0
0
0
0
20
0
0
0
0
0
62
0
0
0
0
0
0
0
1
0
0
0
0
0
0
0
0
0
2
0
0
0
1
1
0
0
0
0
1
0
0
0
0
0
0
1
0
0
0
0
0
0
7
1
0
1
0
192
1
0
0
0
0
0
0
1
13
0
0
0
1
11
0
6
7
0
0
0
0
0
1
95
32
0
0
0
0
3
64
17
0
2
0
0
0
3
10
0
0
0
6
0
0
0
0
0
0
0
0
0
0
0
0
0
0
0
0
0
0
0
0
0
0
0
0
3
0
1
0
1
0
1
0
0
0
0
0
0
1
0
1
1
0
9
0
219
0
0
54
0
0
0
0
1
0
0
0
0
0
0
0
0
0
0
0
0
0
0
0
0
0
5
0
1
0
146
0
2
0
0
215
0
3
0
0
1
53
0
0
56
14
2
0
0
0
0
0
5
1
2
0
0
0
0
1
0
20
0
0
0
0
3
0
0
0
0
0
0
0
0
0
0
0
0
3
0
0
0
10
1
0
0
0
0
3
0
0
1
0
0
0
0
0
1
0
0
1
0
0
1
0
0
1
0
0
0
1
0
0
0
0
0
0
0
0
0
471
138
1
0
0
0
0
0
3
0
0
47
0
0
0
49
0
4
0
0
0
0
0
0
0
0
0
0
0
0
2
0
0
1
0
0
0
0
0
0
0
0
20
0
0
0
0
0
0
