2
0
0
0
1
0
0
86
0
0
0
0
0
0
5
0
0
0
0
0
71
0
0
0
0
0
0
1
0
0
0
1
0
0
0
0
0
2
6
0
0
0
1
2
1
2
0
204
0
0
0
0
0
0
0
0
0
0
0
0
2
0
0
0
0
0
0
0
18
0
1
0
0
0
43
0
0
4
2
0
0
0
0
0
0
4
5
28
1
0
5
0
0
3
0
0
0
0
0
0
0
0
2
0
0
0
8
0
0
0
0
0
75
1
0
0
0
5
13
0
0
0
1
0
0
0
0
6
4
0
1
0
0
0
0
0
1
3
0
0
0
0
1
0
2
0
0
0
0
7
0
12
0
5
0
0
0
0
4
127
0
0
0
0
0
0
0
0
0
0
8
0
0
0
0
2
2
0
0
0
0
0
0
0
5
0
0
2
0
1
0
16
0
0
0
0
8
0
0
0
0
0
0
0
49
0
10
1
0
0
0
0
2
0
0
0
0
0
0
20
0
0
0
0
0
3
5
0
1
0
2
0
0
0
0
0
0
0
1
0
0
0
1
0
0
17
1
0
0
0
0
5
0
0
0
5
0
1
0
0
1
1
0
0
0
10
0
0
0
2
1
33
4
0
0
0
2
0
0
6
1
0
0
0
5
0
0
0
0
40
0
0
0
32
0
1
0
0
0
0
0
0
0
1
0
0
0
0
0
0
0
0
0
0
0
0
0
0
0
6
2
0
0
0
0
0
0
0
0
0
0
0
5
0
0
0
0
1
3
0
11
0
0
0
0
0
0
1
0
0
0
0
62
64
0
0
0
0
0
0
147
0
0
0
0
0
0
36
0
0
0
1
0
0
0
0
0
1
0
0
498
0
0
0
1
0
173
18
473
0
0
1
16
1
0
0
0
2
15
0
12
0
12
0
1
0
0
0
0
2
0
0
0
2
0
0
0
1
0
0
0
0
0
10
0
0
0
0
0
0
0
0
0
0
0
0
0
2
0
0
0
7
0
0
2
18
0
0
0
0
1
0
0
0
0
0
0
3
13
0
12
0
0
0
0
0
0
0
0
0
0
0
0
0
0
0
0
0
0
0
0
0
0
0
0
1
0
0
0
0
0
0
0
0
0
0
0
0
0
0
1
32
0
0
0
0
0
0
0
0
0
0
0
0
0
0
0
0
0
0
1
0
0
0
0
0
1
0
1
1
0
0
0
0
0
0
2
0
0
0
0
1
0
0
1
0
0
69
0
0
0
3
0
0
83
0
13
0
0
0
0
0
86
0
0
0
56
0
0
0
0
0
2
0
0
0
4
0
0
120
25
0
0
0
0
0
0
25
1
0
0
0
0
4
2
0
0
3
1
37
0
0
0
0
0
6
0
0
21
20
0
0
0
0
0
0
0
0
0
0
0
0
0
0
37
0
43
0
0
0
0
0
0
0
0
0
0
9
0
0
0
0
0
0
0
0
0
81
3
0
0
2
0
0
1
9
0
1
0
12
1
0
0
0
0
0
0
0
0
0
5
0
44
0
0
1
0
67
0
0
0
5
1
46
0
0
0
0
0
109
0
0
1
3
0
0
0
0
0
0
0
0
0
0
2
0
0
0
0
17
3
0
1
0
0
0
0
0
179
0
207
0
0
0
0
2
0
0
0
0
389
0
0
1
0
1
0
5
0
0
0
0
84
6
0
1
40
0
0
0
0
0
0
0
7
1
3
0
0
0
0
0
0
0
0
1
0
0
0
0
5
1
0
0
0
0
19
2
13
1
2
4
0
0
0
3
0
2
5
2
0
0
0
0
2
0
0
0
0
0
3
0
0
0
24
7
0
0
0
0
0
1
11
0
0
1
0
0
0
0
0
0
1
4
0
0
0
31
0
0
0
0
0
0
0
0
0
0
0
0
0
0
0
146
0
0
0
1
0
0
0
0
0
0
0
2
0
0
2
0
0
0
0
1
0
0
0
15
0
0
2
0
1
141
0
0
0
0
0
6
0
251
0
1
0
0
0
0
0
0
0
0
0
0
0
4
16
0
0
3
2
0
0
0
1
0
1
0
0
0
489
0
0
0
2
0
0
0
0
0
0
0
0
0
8
0
0
13
484
9
0
0
0
0
0
0
0
0
1
1
0
0
1
0
0
8
197
0
0
0
0
2
0
1
0
67
0
0
0
0
0
0
0
0
0
0
3
2
0
0
1
3
0
0
0
1
0
0
3
0
28
0
0
0
0
3
0
0
0
0
0
0
0
0
0
0
0
0
0
0
0
0
0
0
0
0
15
0
0
0
0
0
0
5
1
0
0
0
0
0
0
0
0
0
0
0
0
0
0
0
0
0
0
0
1
0
0
0
3
0
10
9
0
0
7
5
1
0
0
0
0
66
0
0
0
0
0
0
0
0
0
0
0
0
0
0
188
0
0
9
0
0
0
0
2
0
0
0
0
0
350
0
0
0
0
0
0
0
0
1
495
0
0
1
23
0
0
0
308
11
28
0
1
0
0
3
0
7
0
0
3
0
27
0
0
0
4
0
0
0
0
0
9
0
0
8
2
23
0
0
0
0
0
3
1
1
0
0
1
0
0
0
0
0
4
0
0
0
0
0
6
0
0
0
4
43
13
12
0
0
0
0
0
0
8
0
0
0
0
3
0
0
2
1
0
0
0
2
11
0
1
0
0
0
0
74
1
0
28
7
0
0
0
0
4
2
1
0
0
1
0
0
0
1
0
0
0
0
0
0
0
0
0
0
0
1
0
0
0
0
0
1
1
0
0
12
0
0
0
0
0
0
0
0
0
0
0
0
2
0
0
0
0
0
1
0
0
0
0
0
0
0
0
0
0
0
1
0
0
0
0
0
0
7
0
0
0
1
3
0
0
0
0
0
23
0
0
0
456
0
2
4
36
1
0
1
101
0
18
2
0
0
0
1
0
0
0
0
0
0
3
6
0
0
0
0
7
2
0
0
0
44
0
0
0
2
1
0
27
0
0
4
1
0
0
0
0
0
0
0
0
0
0
1
0
0
1
1
2
0
0
0
0
0
0
0
19
0
0
0
0
0
0
0
8
0
0
0
1
0
0
0
0
1
0
0
0
0
0
0
0
1
3
0
0
0
0
63
0
0
0
0
0
0
0
0
11
0
0
0
0
0
0
4
22
0
2
0
0
0
0
0
0
0
0
6
0
0
0
0
0
0
0
0
0
0
0
0
0
0
0
0
0
0
0
0
0
0
1
0
0
1
0
0
0
0
0
0
0
0
0
0
0
0
0
0
0
0
0
0
0
0
0
3
54
0
0
0
471
0
0
1
4
2
14
0
0
0
71
0
0
0
2
4
0
0
0
0
0
4
0
3
0
0
0
0
0
0
54
1
0
1
0
0
0
0
0
0
36
0
0
0
8
0
0
0
0
0
0
6
0
0
1
0
0
0
0
2
0
0
0
0
0
0
0
0
16
0
21
4
0
0
0
0
0
0
0
0
0
0
4
1
0
1
0
0
0
0
0
0
0
0
0
0
0
0
0
0
0
0
0
0
0
0
17
0
2
0
0
0
0
0
0
0
1
0
5
0
0
0
3
53
0
0
1
0
0
0
0
0
0
0
0
0
0
0
0
0
0
0
0
0
0
1
0
0
0
0
0
0
0
0
0
64
0
0
0
0
0
0
0
7
0
0
0
7
0
0
0
0
0
0
44
0
0
0
0
0
115
0
0
0
0
0
3
0
23
0
6
0
33
0
0
6
0
1
3
0
5
0
0
0
0
0
1
8
0
0
0
15
4
0
0
5
0
0
0
22
0
0
0
2
0
0
0
0
1
0
0
0
0
0
0
0
0
0
0
0
8
2
0
0
6
0
0
1
0
0
0
0
0
0
0
0
0
0
0
3
0
1
0
0
1
0
0
0
0
0
0
0
5
0
0
9
0
32
86
0
0
0
0
0
0
9
1
0
0
0
0
0
0
0
28
0
62
0
0
0
0
3
0
0
0
0
2
2
0
0
0
0
0
0
0
0
2
0
19
0
0
0
0
0
0
0
0
0
1
0
0
0
1
0
0
1
0
0
0
0
0
0
0
1
0
1
0
0
1
0
0
0
258
49
0
0
0
1
0
5
305
7
0
0
0
0
202
5
0
2
0
0
0
0
16
0
3
0
0
1
0
0
0
1
0
10
0
0
0
0
0
0
0
0
0
0
0
0
0
86
0
2
0
0
4
0
0
0
0
0
0
5
0
0
1
0
0
0
10
0
0
0
6
1
2
0
0
4
0
0
0
0
0
0
0
1
4
0
1
0
0
0
11
0
4
0
0
0
0
0
7
0
0
0
0
0
0
0
2
0
21
0
0
0
1
0
0
0
2
0
0
0
0
0
0
12
0
0
1
0
0
0
13
0
0
0
0
0
2
0
0
0
0
0
0
0
0
4
0
0
0
0
0
0
0
0
0
0
0
9
0
0
6
0
43
7
0
0
23
0
0
0
1
1
0
0
0
0
0
0
0
0
0
6
0
1
3
0
4
0
0
0
0
0
0
0
6
0
5
0
319
0
0
2
0
0
0
0
1
0
0
0
0
1
0
1
0
45
20
0
6
0
0
0
0
0
0
0
2
203
0
0
0
1
0
5
0
0
1
2
0
0
0
0
7
0
1
0
0
0
0
0
0
0
0
0
5
16
0
0
0
0
14
0
0
0
0
0
0
1
0
0
0
0
0
0
1
0
0
0
1
0
28
0
0
0
1
0
0
0
0
0
0
0
0
0
0
1
0
0
0
0
0
0
0
11
0
0
0
0
0
0
0
0
0
2
0
0
26
1
0
0
0
0
0
0
0
0
0
0
0
0
0
0
2
0
0
0
0
0
0
0
0
0
0
1
346
0
0
0
0
0
0
1
1
0
0
0
0
0
0
1
493
0
174
0
0
0
0
0
70
0
0
2
0
0
0
0
0
0
0
0
0
0
0
0
0
0
0
0
0
0
0
0
0
0
0
0
0
0
0
0
0
0
1
0
0
0
0
0
0
1
6
0
1
0
0
0
0
0
44
0
0
0
3
0
0
0
14
0
0
0
0
1
0
2
3
18
3
0
0
0
13
0
0
2
0
0
0
3
0
0
0
0
0
0
0
0
0
45
0
0
0
11
0
5
0
1
0
0
0
0
0
3
0
0
0
0
0
0
0
0
0
0
0
0
0
0
4
0
0
15
0
0
0
0
0
2
5
0
0
0
0
0
0
0
3
0
0
1
0
0
0
0
0
0
2
0
0
0
2
0
0
0
0
0
0
1
2
0
0
0
98
1
0
0
0
0
0
0
0
0
0
0
15
0
1
0
9
0
481
0
0
0
24
0
8
5
0
40
417
0
0
0
0
0
0
0
0
0
0
1
0
1
0
0
0
0
1
0
19
8
0
12
13
15
0
18
0
0
0
8
3
0
36
0
0
1
0
0
0
0
0
33
0
1
0
0
0
0
0
0
0
0
0
0
0
0
1
0
0
0
0
0
0
0
1
0
0
0
0
0
0
0
5
15
0
0
0
0
0
3
0
0
0
0
0
0
2
0
75
0
0
0
0
0
0
0
0
0
0
0
3
0
6
0
0
1
0
0
0
0
0
0
7
0
0
0
1
37
0
0
0
0
0
0
0
0
0
53
0
0
0
0
6
9
5
0
0
0
0
0
0
0
0
1
0
0
0
0
0
1
1
25
3
0
2
0
15
0
1
6
147
1
4
0
4
0
0
0
495
25
1
0
0
7
3
0
44
0
35
2
0
0
2
0
0
1
0
0
1
0
0
0
0
0
0
6
0
5
0
0
0
0
0
2
0
0
14
0
0
12
6
0
1
0
0
19
0
0
0
0
0
0
0
0
0
0
0
22
0
0
0
0
0
0
0
1
1
0
0
15
0
1
0
0
0
0
1
1
0
0
11
31
2
0
0
0
0
0
0
0
0
0
0
33
1
9
0
0
0
4
0
0
0
0
0
0
0
0
0
0
0
0
2
2
1
0
5
0
1
0
0
0
0
12
0
0
0
0
0
0
0
5
0
1
1
0
0
0
0
0
0
0
0
0
1
0
4
0
1
0
0
0
0
0
3
19
0
1
0
0
0
11
0
0
0
0
0
0
1
0
428
2
0
0
1
0
0
0
0
0
0
0
0
3
0
16
33
0
0
34
0
19
3
0
0
0
1
0
1
0
0
0
0
0
0
0
0
0
16
1
0
0
0
1
0
0
3
0
20
0
11
52
54
0
0
3
0
0
0
0
0
0
0
1
3
0
0
0
0
0
0
0
0
0
5
0
0
0
0
4
1
0
0
1
0
0
39
0
0
0
0
0
2
0
0
0
0
5
0
0
2
0
1
0
0
4
0
0
0
0
0
2
0
2
0
0
0
0
2
4
0
0
0
0
7
0
0
21
0
0
1
0
0
0
0
0
2
0
1
0
0
0
2
0
0
0
1
0
0
0
6
0
0
2
0
1
3
0
2
0
0
2
0
0
0
0
0
0
0
0
0
0
1
0
0
0
0
0
0
2
179
0
0
2
0
3
0
0
140
0
0
0
0
0
0
0
1
0
119
0
2
0
18
8
0
0
0
0
0
9
0
0
0
0
0
1
0
4
38
2
2
0
1
0
0
29
1
0
0
0
0
0
1
0
0
0
1
0
0
0
0
0
14
0
0
0
0
0
0
0
10
2
0
0
0
0
0
0
0
0
0
0
6
2
0
0
32
0
0
14
51
0
143
0
0
1
0
0
0
0
1
5
0
0
0
1
0
0
1
0
0
0
27
0
17
2
7
0
0
0
1
0
0
1
2
0
0
0
0
0
0
5
4
0
0
0
16
1
1
0
19
0
0
2
0
0
0
0
0
0
1
1
0
0
0
0
0
0
0
0
1
0
0
3
0
1
7
0
0
2
0
0
0
0
0
0
2
0
0
0
451
0
0
0
0
0
0
0
0
17
3
0
0
0
171
0
1
1
32
14
2
0
2
0
0
0
2
1
0
0
0
0
1
7
87
6
0
0
311
0
0
0
0
2
0
0
0
0
0
2
0
0
0
1
4
0
51
0
0
0
0
0
0
4
0
0
0
1
0
0
0
0
0
0
0
2
5
0
0
1
0
0
2
0
2
1
0
0
21
0
0
0
0
0
0
28
1
0
0
0
0
0
1
3
0
0
15
0
0
0
1
0
0
0
0
0
0
0
0
8
0
0
0
0
0
0
0
0
0
0
0
0
0
0
0
2
0
30
0
0
0
0
0
0
0
0
0
0
0
0
0
0
0
0
0
0
1
0
0
0
0
0
0
0
0
0
2
0
4
0
106
0
0
0
0
2
0
0
253
8
497
3
0
1
0
0
18
0
330
10
0
0
6
1
0
0
0
0
3
0
0
15
0
205
0
0
0
0
0
0
0
0
0
1
0
0
0
0
0
1
0
1
0
0
0
0
0
0
0
0
0
0
1
0
22
0
3
2
0
0
0
0
0
0
0
0
0
0
1
0
0
5
0
0
0
0
0
0
0
0
0
0
25
1
0
0
0
1
0
0
0
0
1
17
1
0
0
0
10
0
0
0
0
0
3
0
0
0
3
0
43
0
0
0
6
0
0
27
0
238
0
0
78
0
0
0
25
4
0
0
3
0
0
0
0
2
0
0
0
1
0
0
0
0
0
0
100
0
37
0
0
0
0
0
0
0
0
0
0
0
0
0
0
0
0
0
4
10
361
0
0
0
1
0
1
0
0
3
0
31
0
0
0
0
1
0
0
0
0
1
0
0
0
0
39
4
0
0
5
0
0
0
0
0
1
0
9
0
0
157
0
0
0
0
0
0
0
0
54
13
1
4
0
2
11
0
21
0
0
0
2
0
0
34
8
0
0
0
0
0
0
0
0
0
0
3
8
0
1
0
0
0
0
0
3
1
2
0
0
0
0
0
0
1
222
0
1
0
0
0
0
0
0
28
10
0
35
1
0
0
0
0
0
0
3
0
9
0
0
0
2
0
0
0
0
1
0
0
0
0
1
0
0
0
0
0
13
0
16
0
0
0
0
0
0
1
0
41
29
482
0
4
0
0
0
0
0
0
0
0
0
0
1
1
2
0
0
0
0
0
0
0
0
0
14
2
1
0
1
0
