0
0
0
0
0
0
0
66
1
13
0
0
1
4
0
0
0
0
0
28
0
5
3
0
0
1
1
45
0
2
0
0
1
3
0
0
0
0
2
1
0
0
0
0
0
0
0
0
0
0
167
0
0
0
1
0
0
4
0
0
0
1
0
0
0
0
0
0
1
0
5
0
0
3
0
1
0
2
0
0
2
0
0
1
1
16
2
2
0
0
0
1
0
0
0
0
0
0
0
0
0
1
0
0
14
0
0
0
1
4
2
0
0
5
0
0
0
12
0
0
0
5
1
0
0
0
0
0
0
0
0
0
0
0
5
1
18
0
0
0
2
0
0
4
0
0
0
0
0
0
0
0
7
0
1
0
0
0
0
0
0
1
0
0
0
0
0
0
57
0
0
0
0
0
1
0
0
2
0
0
0
0
4
0
0
1
1
13
0
1
0
2
17
0
4
152
0
45
0
0
0
0
0
1
20
0
0
0
0
0
0
0
2
0
0
0
0
3
1
7
0
0
24
0
1
0
0
0
1
0
0
26
0
20
5
0
1
0
0
0
0
0
1
0
0
0
0
0
0
4
1
0
0
0
2
0
0
0
0
0
0
24
0
0
0
0
0
9
0
0
0
0
0
2
0
0
1
4
5
4
7
27
0
0
6
3
0
0
0
52
0
1
0
0
7
18
0
0
0
0
0
0
0
1
0
0
8
0
11
0
0
2
0
0
0
0
0
1
0
0
0
0
1
0
0
0
0
0
0
0
0
0
0
0
0
0
0
0
0
0
1
0
0
0
0
0
0
0
0
1
1
1
6
0
0
1
0
1
0
0
3
1
0
0
0
0
0
7
0
0
0
0
0
0
0
3
0
1
1
3
800
1
1
0
281
0
0
1
0
0
0
0
70
0
4
1
64
3
0
0
0
0
0
0
0
9
0
0
0
0
0
2
0
0
36
0
0
5
774
0
0
0
0
3
1
0
0
0
4
0
0
0
5
0
0
0
2
0
0
0
0
0
0
0
2
31
0
0
0
0
0
2
0
0
0
0
0
1
3
86
0
0
6
2
0
0
4
0
0
4
0
1
4
1
0
0
22
7
0
0
0
0
0
0
679
0
0
1
0
0
0
0
8
0
0
0
0
24
0
1
0
0
0
0
164
0
0
0
0
0
1
0
0
0
0
0
0
0
0
0
0
0
0
0
0
0
784
0
0
1
0
0
0
0
0
0
0
0
0
0
9
0
12
0
0
0
2
0
0
0
13
0
0
149
0
7
0
0
0
3
0
0
2
0
0
0
0
1
800
2
59
0
0
0
0
0
0
1
0
0
0
0
0
0
0
0
1
0
0
1
0
13
1
4
5
0
3
0
0
0
0
0
2
0
0
0
0
1
7
0
0
0
0
2
6
0
2
15
0
0
0
7
0
0
1
3
0
0
0
0
0
0
6
0
0
0
0
0
0
0
2
0
0
0
8
0
0
0
0
0
0
0
23
0
3
149
29
13
2
2
0
0
3
1
0
0
1
4
0
0
0
4
0
0
0
1
0
0
1
2
0
0
0
0
0
0
1
0
0
0
0
0
0
2
0
0
1
0
0
0
0
0
0
0
6
0
0
0
0
0
28
0
0
23
0
0
2
0
0
0
0
3
0
0
0
0
107
0
2
0
783
0
0
3
0
1
0
15
0
5
0
0
0
0
0
5
0
0
799
0
0
0
0
22
0
0
0
1
12
12
7
0
0
0
0
0
0
52
0
36
1
0
0
1
0
1
0
22
0
2
0
0
0
0
1
3
1
230
1
0
0
0
10
0
5
0
2
0
0
0
0
2
4
2
2
0
28
0
1
0
0
1
0
1
0
0
0
30
0
1
3
0
0
10
0
1
11
0
0
0
17
0
0
0
1
0
0
1
0
0
0
0
0
2
0
0
0
2
0
0
1
0
0
0
7
0
0
5
0
1
1
0
1
0
24
0
1
0
0
2
0
0
2
1
0
0
7
0
0
0
2
0
0
0
3
0
0
0
0
0
0
0
6
0
0
0
0
0
0
0
1
0
2
0
0
0
2
0
587
0
800
0
4
16
0
0
0
18
372
0
0
1
0
1
0
0
2
18
0
0
0
0
0
0
0
0
0
4
0
0
1
0
0
0
0
0
0
2
7
0
1
12
0
0
0
0
1
0
0
19
3
0
0
0
0
0
106
2
0
1
2
0
0
0
0
44
12
0
0
0
0
4
5
0
0
0
0
44
17
0
1
0
0
0
5
0
0
2
0
0
2
0
0
28
0
31
0
2
0
0
0
0
2
0
0
22
2
0
0
1
0
0
0
0
0
0
3
1
0
0
0
0
0
0
0
0
0
12
6
0
0
0
1
0
0
1
1
0
7
0
0
0
2
0
0
0
2
0
0
0
2
0
0
1
0
0
0
0
0
0
0
32
0
0
0
0
0
0
0
0
0
0
0
0
0
69
1
2
0
1
672
0
3
0
0
3
0
4
0
0
0
21
7
1
0
0
0
15
0
0
0
2
3
0
5
0
0
0
1
0
3
0
0
0
0
0
0
0
108
1
0
0
1
0
0
2
41
1
0
3
0
0
8
0
23
0
0
1
1
0
0
0
0
1
0
0
0
0
0
10
2
1
0
0
0
1
0
1
1
235
0
0
0
0
3
1
0
2
0
0
0
0
0
9
0
0
3
0
0
18
1
1
9
0
2
2
1
2
1
139
0
0
1
0
2
22
0
0
1
0
1
0
0
0
0
0
0
0
0
0
0
1
0
1
4
0
2
33
0
0
0
796
0
1
131
0
2
0
0
0
0
0
0
0
0
0
0
0
0
0
0
2
4
0
0
10
0
1
0
0
0
0
0
3
0
0
0
1
798
0
0
0
0
3
0
5
0
0
795
0
40
0
12
0
240
0
67
1
0
0
0
0
24
85
0
0
0
0
0
0
8
0
0
3
0
0
0
6
11
0
0
1
44
10
0
4
0
0
0
2
0
0
0
0
0
0
3
0
0
0
0
0
0
0
14
1
0
0
0
5
0
0
0
2
59
1
0
1
0
0
0
0
0
0
2
1
0
1
0
0
0
0
1
1
0
0
0
0
0
0
1
38
9
0
18
1
0
0
1
0
0
0
0
0
34
0
0
0
0
0
0
0
0
0
0
0
4
0
106
0
0
0
0
2
0
0
1
4
2
0
0
0
0
0
0
0
0
0
0
0
0
0
0
0
3
0
0
2
0
0
13
0
0
14
2
0
0
0
0
0
0
1
10
3
0
0
2
0
0
0
0
0
0
29
0
0
0
2
0
3
0
5
4
0
1
0
1
0
0
4
0
0
0
0
17
0
0
0
1
0
0
0
0
0
2
0
0
1
2
11
0
0
0
3
7
0
0
38
0
1
0
1
0
0
0
3
0
1
0
0
0
17
1
0
1
4
9
0
0
0
0
0
0
0
0
0
12
0
0
163
0
0
0
0
0
1
0
0
0
0
0
2
2
0
48
2
4
0
0
0
0
2
2
1
0
0
3
0
3
0
0
0
0
0
0
0
0
0
2
0
0
0
8
1
1
1
2
0
0
0
0
4
0
0
22
0
6
0
0
18
0
0
0
53
0
0
0
0
0
0
0
0
1
8
0
0
0
0
0
0
0
0
3
10
0
1
0
0
0
0
0
0
1
0
0
1
0
0
0
0
0
0
0
22
0
0
0
9
800
0
0
0
11
0
6
1
66
0
0
0
0
3
0
9
4
0
0
1
0
4
8
0
0
1
1
1
1
0
5
2
5
2
0
0
46
0
0
2
6
0
0
0
0
28
0
0
4
0
0
0
1
8
0
3
0
0
1
0
0
5
5
0
0
0
1
6
2
2
0
0
0
0
0
0
1
0
0
0
0
0
0
0
0
0
11
1
0
24
0
0
0
28
0
16
0
0
0
0
0
0
0
0
0
2
14
0
0
0
0
0
0
0
1
3
0
0
3
0
0
1
0
0
0
0
0
702
1
96
6
4
0
0
0
0
2
0
0
0
0
0
0
0
6
0
0
0
0
0
0
0
0
0
2
4
0
0
0
0
0
0
0
0
0
1
5
0
0
0
0
2
800
1
0
0
0
0
0
0
0
0
0
0
1
0
2
14
0
22
0
0
2
0
0
12
0
0
61
0
0
0
2
0
0
0
3
0
0
2
0
4
0
6
8
0
0
0
1
4
0
6
1
0
0
0
0
3
0
0
0
0
0
8
0
1
1
0
0
7
0
0
0
0
0
0
8
0
2
0
2
5
0
0
0
0
0
2
6
0
0
0
0
0
0
0
0
93
23
1
0
46
0
1
1
0
25
35
12
0
14
1
0
0
7
1
0
0
0
0
29
0
3
0
0
4
0
0
0
0
0
0
1
0
0
5
0
0
0
27
2
0
0
0
0
0
0
0
0
0
0
0
0
0
0
1
0
0
0
754
0
0
0
16
0
0
0
0
6
20
0
0
1
0
0
1
12
0
0
0
1
0
0
2
1
1
5
3
0
15
0
0
0
0
0
0
5
1
0
0
0
1
0
0
0
0
0
0
0
1
0
0
0
3
0
0
1
0
0
0
1
1
6
0
0
0
49
0
0
0
0
0
0
6
0
1
6
0
0
1
1
0
0
1
0
0
0
0
2
0
1
1
0
0
0
6
110
0
0
1
0
0
0
5
0
0
0
9
0
0
54
0
1
1
0
0
0
10
0
0
0
7
1
0
2
0
2
0
9
0
0
0
2
0
0
1
0
0
0
0
0
0
7
0
13
4
3
2
0
0
19
0
0
0
4
26
2
0
0
0
0
0
0
0
1
0
0
0
0
1
0
0
1
0
0
0
0
0
0
71
0
0
1
0
1
1
0
17
0
7
0
0
0
51
0
0
1
0
2
0
0
0
799
2
13
2
0
0
0
1
0
0
0
0
1
0
2
42
0
1
800
0
18
1
0
5
0
3
0
0
3
0
0
2
0
1
0
0
7
0
0
1
1
0
0
0
0
0
0
29
3
0
4
5
1
3
6
0
3
2
0
0
0
1
0
0
0
0
0
2
1
10
0
0
0
0
0
0
2
9
14
0
0
0
0
7
0
1
7
0
0
0
0
0
8
0
0
0
0
3
1
1
68
0
0
3
0
0
0
4
1
1
4
0
0
0
0
0
0
0
0
0
0
0
38
1
3
0
5
0
1
0
0
0
0
0
1
0
4
62
0
3
0
0
0
0
0
0
0
1
0
0
0
0
96
74
0
0
0
0
800
0
0
0
1
2
0
0
0
1
0
0
391
17
0
0
0
2
1
0
0
0
1
4
0
1
0
0
1
5
800
0
0
0
2
83
0
0
1
0
0
0
76
0
1
0
10
0
42
0
0
4
0
7
0
50
0
1
0
0
2
1
3
1
0
4
0
3
0
1
0
0
0
5
4
0
0
3
0
1
0
10
0
1
7
0
0
0
0
8
0
0
0
0
0
0
0
1
0
1
1
6
0
0
0
3
31
0
0
0
0
0
3
32
7
0
1
4
0
0
7
0
20
1
36
3
2
3
5
6
0
8
14
0
0
0
0
1
1
1
0
0
0
0
20
0
4
0
0
0
0
0
0
0
0
0
15
2
11
0
0
0
0
0
0
0
0
0
0
0
0
0
0
0
0
0
0
0
0
0
0
0
0
0
1
0
0
0
0
11
0
0
0
3
0
0
2
0
63
1
0
0
6
2
0
0
0
1
0
1
800
0
0
0
6
0
2
0
0
0
0
1
0
1
0
0
1
0
0
0
0
0
2
0
0
2
0
3
0
0
2
6
0
0
0
0
0
18
41
8
0
0
6
0
0
3
0
0
1
1
0
94
0
11
0
5
0
0
1
3
0
1
0
1
0
3
12
0
0
0
1
1
2
0
0
0
0
0
3
4
0
0
0
53
0
2
0
0
0
0
1
0
0
0
2
0
2
17
0
1
1
4
0
0
0
0
0
0
0
0
13
0
0
0
0
25
3
0
16
0
3
0
0
0
0
0
9
0
2
1
0
0
0
0
0
0
1
0
0
0
0
0
0
0
0
0
0
0
0
0
1
0
3
0
0
0
1
2
1
6
0
1
0
26
0
0
1
0
3
0
0
0
338
0
0
0
0
0
0
0
7
0
0
0
0
0
3
0
0
0
0
1
1
17
13
40
0
0
0
0
0
11
10
19
0
1
0
1
0
0
2
0
0
144
11
7
0
0
48
0
8
0
0
0
1
0
0
1
0
0
0
4
0
2
2
9
0
0
7
5
0
0
7
7
1
10
0
1
0
0
0
0
0
5
4
0
0
0
16
3
0
0
0
1
0
26
1
9
2
5
0
0
1
6
0
5
1
0
0
0
1
0
0
0
2
2
0
1
3
0
0
1
1
0
0
0
3
0
13
0
0
0
0
0
18
0
0
0
0
0
1
0
0
0
0
0
0
0
0
0
11
0
0
0
0
0
0
0
99
0
0
0
0
0
0
0
1
0
1
5
0
0
477
0
2
0
0
0
0
8
0
19
798
8
1
0
0
0
1
0
157
0
0
0
3
0
3
3
0
1
0
4
0
0
0
0
0
0
8
14
0
10
0
0
6
0
0
0
1
0
0
0
0
11
1
1
0
4
0
0
0
0
186
0
0
3
0
0
0
0
0
0
0
3
0
0
0
0
1
5
0
1
5
5
0
0
2
31
0
1
0
2
0
0
0
0
29
0
0
0
1
0
0
108
10
0
0
0
0
0
5
0
0
0
0
0
1
0
0
0
0
2
0
3
0
0
0
0
9
0
0
0
1
0
96
0
0
1
2
0
2
0
0
0
3
0
0
1
0
0
0
0
0
1
0
0
800
0
2
0
0
0
0
0
0
0
1
1
0
2
0
0
128
1
3
0
0
0
5
0
0
0
1
0
1
0
0
0
0
1
0
0
0
0
3
0
1
0
0
0
0
5
2
24
2
1
798
0
1
0
0
1
1
18
1
0
0
36
2
38
0
0
0
1
2
0
0
0
4
1
2
2
0
0
2
0
1
2
75
0
4
0
0
9
0
3
0
0
0
0
0
1
0
0
0
0
0
1
1
0
1
3
0
0
0
0
0
0
0
1
0
0
0
2
0
0
0
1
5
1
2
0
0
14
0
4
1
0
7
0
0
0
0
0
0
3
1
3
10
5
0
0
0
0
0
0
0
0
3
4
0
0
0
0
2
0
0
2
2
0
0
0
1
1
2
0
2
0
0
0
11
0
0
0
0
6
1
0
0
0
0
0
0
0
0
0
0
0
0
0
0
0
0
0
0
4
0
0
1
2
0
0
37
3
1
0
0
0
0
0
3
0
800
1
0
0
16
0
0
15
0
0
0
1
0
0
0
0
0
0
0
0
3
0
0
3
0
0
0
0
1
0
3
0
3
23
2
0
4
0
1
2
0
0
1
0
0
0
0
0
7
0
0
3
0
0
0
0
15
4
0
0
0
0
0
0
1
0
2
20
24
0
0
0
0
1
3
0
14
2
1
0
158
1
1
0
2
0
0
1
0
6
0
0
0
1
0
2
0
0
0
0
0
0
0
0
3
0
0
0
0
0
9
0
0
0
0
1
1
322
0
0
0
0
0
0
0
0
1
0
0
4
0
0
0
0
0
0
0
1
0
799
0
0
1
0
0
0
0
0
0
0
3
0
21
0
0
0
0
0
0
7
1
0
0
6
0
0
0
0
6
0
1
0
0
2
1
0
0
18
4
0
800
0
1
0
0
0
1
10
799
0
0
3
0
5
1
1
0
2
0
0
0
0
0
1
10
0
0
1
0
0
0
0
0
0
0
2
0
0
7
0
0
1
0
1
0
0
0
0
0
0
1
3
0
1
17
1
5
0
3
0
0
0
19
0
0
0
1
0
44
0
0
0
26
1
0
0
2
1
1
3
0
0
3
0
0
0
2
0
0
8
3
19
9
0
0
4
1
0
0
5
0
1
0
0
60
0
0
0
7
0
18
0
0
1
0
2
0
0
0
0
0
1
0
0
0
0
1
2
1
0
8
2
0
0
0
0
0
0
0
800
0
0
0
0
6
0
0
0
1
0
0
0
0
0
0
0
0
2
0
0
0
0
1
0
1
0
0
2
0
0
