1
0
1
0
1
1
5
0
0
0
1
25
0
0
0
0
0
0
0
0
0
43
0
0
0
0
5
2
0
2
18
0
1
1
0
0
0
0
0
0
0
2
0
0
0
0
9
0
1
2
1
1
0
8
0
0
0
0
0
0
0
2
1
1
1
6
0
0
0
0
1
1
1
6
1
0
4
0
1
0
0
0
2
1
3
3
0
1
2
0
0
0
0
3
0
0
0
2
1
0
0
0
0
0
0
11
0
2
1
0
0
0
0
0
0
2
0
0
0
0
0
0
0
0
1
0
0
11
0
0
0
0
0
2
1
0
0
0
0
0
0
0
1
4
78
10
1
0
0
0
0
0
0
0
0
18
0
0
0
0
28
0
0
0
4
4
39
32
0
0
0
0
2
0
4
0
6
0
0
0
0
0
0
0
0
0
1
2
0
0
0
0
0
0
0
0
1
4
0
1
0
0
0
0
0
0
52
0
0
0
0
1
0
0
0
1
0
0
0
0
0
0
0
0
1
4
0
0
0
0
0
1
0
0
5
0
0
0
0
0
0
2
6
29
7
0
0
1
0
0
1
35
1
6
1
2
0
3
0
0
2
0
1
0
0
0
6
6
0
0
18
0
1
5
0
6
0
799
0
0
0
0
0
0
3
22
0
0
0
0
0
0
0
0
16
1
0
0
0
0
0
0
0
0
43
1
17
13
0
0
0
0
0
0
0
1
0
0
0
0
0
0
0
0
5
25
0
1
0
0
0
0
0
0
0
0
0
0
0
0
0
0
0
14
0
0
0
284
0
0
0
1
0
0
0
3
10
0
800
0
2
5
1
0
1
1
2
0
0
1
0
12
4
0
0
1
0
11
0
0
0
24
1
1
5
0
0
100
788
1
0
0
0
3
4
2
0
0
0
0
0
0
1
0
13
0
5
1
0
0
0
54
0
0
0
3
3
0
0
0
0
0
0
0
0
0
1
0
0
0
0
1
0
0
0
3
3
0
0
0
6
0
1
10
5
6
0
2
1
0
0
0
1
0
0
1
0
0
0
0
22
1
0
2
0
0
3
0
0
0
0
0
5
35
0
2
2
1
0
0
0
0
0
0
0
1
0
0
0
0
1
1
0
0
0
0
1
0
0
0
0
0
0
3
7
0
3
4
0
0
0
0
0
1
0
1
0
0
0
0
6
0
1
13
0
0
0
0
0
0
14
0
4
0
0
1
0
29
0
1
0
1
3
1
22
0
0
0
0
0
0
0
0
0
1
3
3
0
800
0
0
0
3
0
799
0
14
0
0
2
0
7
0
1
0
2
0
0
0
0
1
0
4
0
0
0
2
0
0
0
0
4
0
0
0
0
0
9
1
0
0
6
2
0
0
0
0
0
1
0
0
0
0
0
0
0
2
0
395
0
0
0
0
0
0
0
0
12
0
0
3
0
2
0
0
2
0
0
0
0
0
9
4
0
0
3
1
0
0
0
0
20
20
1
2
0
0
0
0
0
0
0
0
0
0
0
0
0
1
0
0
0
4
4
3
18
86
0
0
0
0
0
0
0
0
8
3
0
0
0
0
0
0
1
0
0
0
0
0
0
20
0
2
0
0
0
0
0
0
0
0
0
0
3
0
0
0
0
0
0
0
0
0
1
547
1
2
1
0
2
0
29
0
0
0
0
0
0
0
0
800
0
0
0
0
0
171
1
34
0
44
0
0
1
28
0
0
0
0
0
25
0
1
0
0
0
0
0
0
0
3
0
0
1
0
5
1
35
0
0
0
0
0
0
0
0
0
1
0
1
0
0
69
0
0
4
0
0
0
0
1
0
1
0
0
0
0
0
0
0
0
0
0
14
5
4
0
0
0
0
7
1
0
0
0
0
0
2
0
0
0
0
1
0
0
0
0
0
0
0
0
0
0
0
0
0
0
0
0
0
0
0
8
3
0
0
0
0
0
0
0
0
0
0
17
0
0
0
0
0
0
0
0
0
28
0
0
0
0
0
0
0
1
40
1
22
0
0
0
0
0
15
18
0
1
6
1
0
0
0
1
0
0
0
0
0
2
0
0
0
2
0
2
0
48
0
0
0
0
0
0
14
0
2
74
0
2
5
0
0
1
0
1
0
0
0
0
0
0
12
0
3
0
13
0
0
7
1
0
0
0
1
5
0
1
0
1
1
1
0
3
0
4
0
1
0
0
0
0
0
1
0
1
0
1
2
0
29
0
0
0
0
0
0
0
48
9
0
0
0
0
0
0
0
1
0
0
6
3
0
0
1
0
0
0
0
0
0
0
0
0
0
0
11
0
0
0
2
0
0
0
0
0
2
0
1
0
0
0
0
0
0
0
2
2
1
4
0
0
0
0
0
1
1
0
1
0
1
0
0
0
0
0
0
0
0
0
0
0
0
0
0
16
0
6
94
0
1
0
0
0
0
0
0
0
0
0
0
0
0
0
0
0
0
8
4
6
0
0
0
0
0
0
0
0
0
0
0
0
0
652
3
0
0
1
0
0
0
0
0
18
0
0
0
80
0
0
0
0
0
0
0
0
3
0
0
0
0
0
0
0
0
0
0
0
0
0
21
0
0
0
0
0
0
4
6
0
0
0
0
0
0
0
2
5
12
4
0
0
2
0
0
0
0
4
1
0
0
4
0
0
0
0
0
0
20
0
0
0
0
0
0
1
2
0
0
5
0
0
0
0
0
3
0
0
0
488
0
1
0
0
0
5
0
2
1
0
0
0
0
2
0
0
0
7
454
0
0
0
0
0
0
0
1
0
0
1
0
0
0
0
0
0
0
0
0
0
0
3
0
1
1
1
0
0
0
11
0
0
0
286
0
0
5
2
0
746
0
0
0
3
1
0
0
1
0
1
0
1
0
3
0
0
0
0
4
0
38
0
0
2
0
0
1
0
0
63
0
0
0
4
0
0
0
2
0
0
0
2
5
0
0
0
32
2
0
0
0
0
0
1
0
2
0
0
0
0
0
0
3
0
0
0
0
0
0
0
0
0
0
0
0
4
0
0
0
0
24
5
0
0
0
0
0
0
0
8
4
0
0
0
0
0
0
1
0
3
0
1
0
1
0
4
5
0
0
2
2
0
0
0
0
0
0
0
3
0
0
1
0
0
0
0
0
0
0
1
7
2
0
2
0
5
0
47
35
0
1
0
0
0
0
0
5
0
0
0
18
0
0
0
0
0
0
0
0
0
0
0
0
0
0
0
0
0
0
2
0
0
0
1
0
3
0
4
0
10
0
0
0
2
0
0
1
4
2
0
0
0
0
0
0
0
2
0
0
0
7
0
5
793
1
0
6
0
23
0
0
0
9
1
0
1
0
0
3
0
0
0
0
0
0
0
0
0
10
3
0
0
1
1
0
0
0
0
3
0
2
4
0
2
0
0
0
0
0
0
0
0
0
0
0
1
0
0
0
0
0
0
0
3
0
3
2
6
0
0
1
7
0
0
2
0
0
0
0
0
3
7
3
2
0
0
0
9
0
7
0
2
1
0
1
0
6
0
0
10
0
0
4
5
0
0
0
0
0
0
12
6
0
202
0
1
0
0
0
0
1
0
0
0
405
0
13
8
3
1
1
1
0
0
0
0
2
0
0
0
0
0
0
0
0
0
0
0
0
0
0
0
0
0
0
3
0
1
0
0
5
0
0
1
1
0
0
0
0
1
2
0
0
0
0
0
0
20
0
0
0
0
0
789
0
0
0
1
0
0
0
0
1
0
0
1
0
0
0
0
0
1
1
0
1
0
0
0
0
1
1
0
0
0
0
0
19
0
1
0
2
33
0
0
0
0
0
0
0
0
5
0
0
0
2
0
5
0
0
0
0
0
0
0
0
0
0
8
2
0
0
2
0
0
0
0
1
0
5
0
1
0
2
0
0
0
1
0
0
1
0
0
1
4
1
0
0
1
0
1
0
0
0
0
0
0
0
0
0
0
1
3
1
0
0
1
0
0
0
0
1
0
0
0
781
0
12
4
0
1
0
0
0
0
0
0
0
0
0
0
0
0
0
0
0
0
0
0
0
0
8
0
0
798
0
1
0
2
3
0
8
0
0
0
1
0
0
0
0
7
0
0
2
0
0
0
1
1
0
0
0
0
1
0
25
0
0
493
0
0
0
0
0
0
0
0
1
0
0
0
0
0
25
0
0
0
2
0
0
0
1
0
0
0
0
0
0
0
0
0
0
1
0
0
0
0
0
0
3
13
1
0
2
0
11
1
0
0
0
0
18
1
0
0
0
0
3
1
0
13
0
0
0
0
0
1
0
0
0
1
2
0
0
0
0
0
5
1
0
1
0
2
1
1
2
15
1
2
4
0
0
0
5
3
0
0
3
0
0
0
4
0
0
0
0
3
0
7
0
0
0
0
0
0
0
1
4
0
0
0
2
0
0
0
1
0
0
0
0
0
52
0
794
4
0
201
0
0
0
3
0
0
0
0
0
1
8
51
1
5
0
0
712
1
0
0
15
2
0
5
0
0
0
345
0
0
0
0
0
0
0
0
2
0
1
11
0
623
0
0
0
0
0
0
0
0
2
0
0
0
1
0
1
0
1
0
2
3
1
1
1
0
0
213
2
0
4
0
0
0
1
1
0
1
0
0
4
0
1
0
0
1
0
0
4
0
1
0
16
19
8
0
0
0
0
0
1
7
1
0
12
0
0
0
0
1
0
1
0
4
3
0
9
9
0
0
0
0
0
0
1
5
0
2
258
0
0
0
0
1
0
0
0
0
2
2
0
0
0
0
0
10
0
636
0
0
1
2
2
2
11
4
0
43
0
0
0
0
0
0
0
1
8
0
0
0
0
0
0
0
0
0
0
0
0
2
0
9
0
0
2
0
0
0
0
0
197
147
0
0
0
0
0
0
1
0
0
1
0
1
4
0
6
1
0
1
0
0
0
20
0
800
0
0
0
0
6
40
0
0
0
1
0
1
0
0
0
0
1
11
0
0
0
0
3
0
0
1
0
9
0
0
0
9
1
2
0
0
0
0
1
0
0
0
0
2
0
3
0
0
0
0
0
0
0
0
3
0
0
44
0
0
0
0
0
0
0
0
0
0
0
0
0
0
69
0
0
0
0
0
0
0
0
0
0
0
1
0
0
0
14
2
0
0
2
37
0
6
1
0
0
1
0
0
0
0
1
0
0
0
0
0
3
6
0
1
0
14
2
0
0
0
0
0
0
1
0
1
0
0
0
0
0
0
0
798
0
0
0
0
1
185
0
1
2
10
0
0
0
10
0
0
0
0
0
0
0
0
0
1
0
0
1
0
0
1
4
0
0
0
1
0
0
0
0
0
21
0
0
0
0
0
0
0
0
4
1
721
0
0
4
1
4
0
6
0
0
0
0
0
0
0
1
0
0
0
4
0
1
6
0
0
1
116
1
1
0
16
0
0
0
0
0
0
1
0
0
0
11
0
0
0
5
1
678
0
15
4
1
0
0
2
0
1
0
4
3
0
0
0
19
0
2
2
0
0
0
0
0
0
0
0
10
0
5
1
27
0
1
0
0
0
0
0
1
1
0
2
0
0
30
0
3
0
0
0
1
0
0
2
1
0
0
0
0
0
38
0
1
0
0
0
0
0
0
0
1
0
0
0
1
0
0
0
0
0
1
0
0
0
0
0
2
0
0
112
0
0
0
2
0
0
0
0
0
0
0
3
0
3
1
0
0
0
0
4
0
0
4
2
2
0
0
6
9
0
1
2
0
1
0
0
0
0
3
0
0
795
0
0
5
732
0
0
26
0
0
0
0
0
0
0
0
0
21
0
0
4
1
5
0
0
2
0
7
5
0
0
0
2
0
0
1
0
1
0
0
2
0
3
1
2
1
0
0
1
6
0
0
1
0
1
0
54
0
0
0
0
0
14
0
0
1
0
14
0
0
0
0
0
0
2
0
639
793
0
0
0
0
0
21
0
0
2
0
12
0
0
0
0
0
17
0
0
0
0
0
0
0
0
0
0
0
51
0
0
0
0
0
0
0
113
0
1
0
0
0
0
5
2
0
0
0
0
1
0
0
0
0
0
0
0
0
0
0
1
0
0
0
0
0
0
0
0
0
0
1
0
0
0
0
0
0
0
0
0
6
0
2
0
0
0
0
0
0
7
1
0
0
1
2
0
2
0
0
0
10
258
0
0
1
211
3
0
0
0
2
0
0
1
0
0
0
0
0
1
0
0
0
0
0
0
0
0
0
0
0
0
1
0
5
2
0
0
4
0
0
0
2
0
0
0
0
0
0
3
0
0
1
0
0
0
4
0
0
0
5
1
0
0
6
1
0
4
0
0
0
5
0
1
1
0
0
0
0
0
5
6
1
5
8
0
0
0
6
1
0
0
2
0
15
7
0
0
0
3
0
0
0
1
3
0
0
0
0
0
0
0
1
10
0
0
0
1
2
3
0
1
0
0
0
32
1
0
0
0
0
0
0
0
0
1
0
0
3
0
0
0
0
0
0
0
0
16
1
0
0
0
1
0
0
13
1
1
0
0
2
0
3
0
4
0
4
5
1
0
1
0
0
1
4
0
0
0
0
2
0
127
0
0
8
14
0
0
0
0
2
0
0
0
2
0
0
1
0
8
0
0
6
4
0
0
0
240
0
12
2
0
2
2
0
8
0
0
3
0
3
0
5
5
2
0
16
0
0
7
3
0
0
0
1
13
0
0
0
58
0
2
0
0
0
3
0
3
0
1
0
0
0
0
0
1
1
0
0
0
0
0
38
0
0
0
0
0
0
0
0
7
7
0
0
0
2
0
2
0
1
25
0
0
0
0
0
0
8
0
0
1
0
0
12
0
0
8
0
5
4
0
2
1
0
2
14
0
0
0
1
0
0
0
0
10
0
0
0
0
0
1
0
0
0
0
0
0
0
0
7
10
0
0
1
799
0
0
3
0
2
0
0
2
4
0
14
0
2
0
0
0
0
2
11
1
0
615
16
3
0
750
1
0
0
128
0
22
0
3
0
2
0
0
0
0
1
1
0
1
0
20
0
6
0
4
0
0
0
0
1
0
5
1
5
0
1
341
4
1
0
0
0
20
0
0
0
1
0
1
0
0
0
9
0
0
0
0
0
0
0
3
47
0
0
0
1
0
0
0
0
2
4
0
0
1
0
1
0
0
25
0
0
1
1
0
1
0
4
4
13
43
0
0
0
0
2
1
0
1
0
7
0
0
0
0
0
10
0
0
0
1
0
1
0
0
0
0
4
0
0
0
0
0
3
0
0
1
0
0
3
0
0
0
1
0
0
0
0
0
3
2
0
0
2
0
0
0
0
38
0
0
3
0
0
0
0
0
0
15
0
0
1
1
1
0
2
1
2
0
9
0
0
0
0
800
4
670
0
0
0
779
3
0
1
2
0
0
19
0
0
0
1
0
0
0
2
0
0
0
0
4
0
0
0
0
0
0
0
3
0
0
22
0
0
2
0
4
0
1
2
0
0
2
3
0
1
0
0
4
0
0
0
0
0
0
20
0
3
1
1
1
1
1
1
0
1
1
0
0
3
1
0
1
1
0
0
6
0
0
0
0
0
0
0
2
1
12
186
1
0
2
1
0
64
0
0
0
0
13
5
0
0
0
1
0
0
2
0
0
1
10
2
0
2
2
1
6
639
0
7
0
1
0
0
0
0
0
0
0
0
1
0
0
0
0
0
0
0
0
0
0
0
0
0
0
0
6
762
0
0
1
0
0
19
0
3
0
0
0
1
0
0
0
0
0
1
0
0
2
2
8
0
0
0
0
0
9
0
0
5
718
0
0
2
2
0
1
6
23
6
0
9
1
6
0
0
0
0
1
0
0
6
0
0
0
0
0
0
0
0
4
0
39
2
0
1
8
0
0
0
0
0
0
0
0
1
0
0
0
1
0
8
12
1
0
3
1
42
0
0
0
0
1
0
0
0
0
0
0
0
0
3
0
0
0
0
0
0
0
1
0
5
0
1
0
1
16
1
0
0
0
4
0
0
1
0
0
0
1
0
1
4
5
0
0
0
0
0
0
0
0
0
0
0
0
0
0
34
5
0
0
0
1
3
0
33
0
0
0
424
0
0
1
0
0
0
0
1
0
0
0
0
1
0
0
0
1
0
3
0
0
0
2
0
1
0
