0
0
4
0
0
0
1
18
1
17
0
0
0
0
3
0
0
2
0
0
0
10
0
2
0
0
0
0
0
0
0
1
0
0
5
1
1
0
0
1
0
0
0
2
0
1
0
0
1
0
0
1
3
1
0
0
2
0
39
0
0
1
0
0
0
0
0
1
6
1
0
6
8
3
1
0
0
0
0
0
0
0
0
0
0
0
0
1
3
1
0
1
1
0
3
0
0
3
3
0
0
0
6
0
0
1
0
2
0
1
0
0
1
0
0
0
1
0
7
0
0
0
0
0
4
0
0
0
0
0
0
0
0
3
1
0
0
0
0
0
11
0
0
211
4
0
1
1
3
0
0
0
0
0
0
0
0
3
0
0
1
0
1
0
0
0
3
3
0
0
0
0
7
0
1
0
0
0
0
0
0
1
0
0
0
2
0
0
0
0
0
0
0
0
0
1
7
0
0
0
0
0
2
1
1
5
1
0
546
0
1
0
0
0
0
2
0
0
2
3
0
2
0
6
0
0
0
0
0
0
0
0
5
0
0
0
17
10
2
4
0
4
0
0
2
1
32
0
77
0
0
1
0
0
2
0
0
26
0
0
0
0
0
9
0
92
2
0
5
0
0
0
1
8
8
0
2
1
0
0
0
0
2
1
0
4
2
1
0
1
0
0
0
12
3
4
0
1
0
3
2
0
0
0
0
1
0
0
1
0
0
1
0
0
0
0
0
0
3
0
20
0
1
0
1
0
8
0
0
0
0
0
0
1
0
0
0
0
0
0
0
1
0
0
0
0
0
0
0
0
0
0
1
0
1
7
0
0
0
0
0
1
1
0
0
0
18
62
1
1
19
1
0
0
1
0
0
1
0
0
0
4
87
3
17
0
0
4
2
0
0
0
0
0
0
0
0
0
0
18
43
0
1
1
0
1
5
0
0
0
3
11
0
1
0
0
3
7
0
0
1
0
0
0
2
0
0
1
0
0
4
1
1
8
1
1
0
0
1
0
1
8
0
0
5
24
0
2
2
0
0
0
1
0
0
0
9
7
0
0
0
0
0
0
5
0
0
1
0
0
1
2
0
2
0
0
0
0
0
0
13
0
0
0
0
0
0
0
0
3
1
0
0
1
0
0
0
0
0
0
0
0
0
0
0
0
1
0
2
0
0
0
0
0
0
0
0
0
0
0
0
6
0
5
0
0
0
0
0
0
0
0
0
0
0
0
0
0
0
0
0
0
0
9
1
0
0
0
3
1
8
0
121
7
8
0
5
0
647
0
0
9
631
0
796
0
749
1
0
0
0
1
0
2
1
0
39
5
0
0
1
9
0
1
16
0
0
0
0
0
0
1
0
0
0
0
29
0
0
0
16
1
0
0
0
0
14
0
1
0
5
0
13
10
2
0
4
0
0
0
0
0
0
0
0
0
0
0
0
0
0
0
0
0
0
0
0
0
0
0
1
1
4
0
2
0
3
0
0
0
5
0
1
0
0
0
3
0
0
0
1
0
0
0
1
13
0
6
1
0
0
1
0
0
2
0
33
8
2
0
2
1
0
1
0
0
0
1
0
0
0
0
0
770
0
5
0
0
0
0
0
0
0
0
0
800
0
3
0
0
0
0
4
4
0
0
0
0
0
0
0
0
0
3
0
0
1
0
0
0
800
0
0
0
0
0
0
3
0
0
0
0
4
1
0
3
761
1
0
0
0
0
0
1
0
0
0
0
507
11
0
0
203
0
0
0
0
1
0
0
3
0
0
0
0
20
4
0
3
0
0
0
0
0
0
1
1
0
11
0
0
0
115
0
0
0
0
0
1
1
0
0
9
0
0
0
0
0
2
0
0
0
0
0
0
0
1
1
0
0
0
0
0
0
0
1
1
0
5
0
0
0
1
1
1
0
2
0
0
0
0
0
1
1
1
1
0
0
0
0
3
0
5
399
0
0
2
0
0
0
0
24
2
10
11
0
1
0
0
0
0
2
0
0
0
0
16
2
1
0
0
0
2
0
1
0
0
3
0
0
0
0
0
3
0
0
0
0
0
1
0
0
0
2
0
0
0
0
0
0
0
0
0
13
2
0
3
12
800
0
0
0
787
0
1
0
0
0
0
0
4
0
0
0
0
0
0
0
487
1
0
0
0
3
0
1
7
2
0
0
0
1
0
0
0
1
0
0
7
1
1
0
0
0
2
0
0
2
1
0
2
0
0
1
6
0
0
0
1
1
0
0
17
0
3
0
1
1
0
0
0
0
0
0
0
0
1
0
0
0
0
0
7
28
0
3
0
0
0
0
3
2
4
1
1
1
0
0
0
0
0
0
0
0
0
0
0
0
1
0
1
0
5
0
0
0
0
0
1
0
5
0
0
0
0
0
0
0
0
0
0
0
0
0
0
0
0
0
0
0
0
0
0
0
1
0
0
0
0
0
0
0
1
0
0
0
1
2
0
0
1
0
0
0
0
0
0
1
0
0
795
50
0
0
47
0
0
0
0
5
0
0
0
0
0
17
0
2
0
0
17
0
4
4
0
0
0
1
0
11
0
0
3
0
6
0
0
1
0
4
0
0
2
45
0
1
0
0
0
1
0
0
0
0
4
0
0
0
82
1
1
1
0
0
1
1
5
0
2
0
0
0
2
0
0
0
5
0
1
0
0
0
1
0
0
0
0
0
0
0
0
0
25
2
2
0
1
0
2
1
0
0
0
0
0
3
0
0
0
0
0
0
0
0
30
0
0
0
0
0
2
1
84
0
0
1
0
0
0
0
0
0
0
0
0
0
12
540
1
0
0
1
0
0
0
0
1
0
0
0
0
0
0
0
3
0
0
0
0
0
7
0
0
0
0
1
0
0
0
0
0
0
0
0
0
1
2
1
0
0
0
0
0
7
320
0
350
9
0
0
0
0
0
0
0
0
2
1
0
0
5
3
0
1
1
0
0
4
0
1
0
1
0
0
14
0
67
0
0
0
0
1
0
2
3
0
0
19
0
1
0
0
0
0
0
0
0
0
0
0
0
0
3
14
0
0
0
0
0
1
3
3
1
58
18
0
0
0
1
12
0
0
3
0
0
0
0
19
1
0
0
0
0
8
0
2
1
5
0
0
0
2
5
0
5
0
0
1
0
0
0
0
0
0
0
0
0
0
0
1
0
1
1
0
0
1
0
0
0
0
7
2
1
3
1
0
0
0
0
0
1
0
0
0
0
0
0
0
0
0
0
0
0
1
0
0
0
0
0
0
11
0
0
0
0
0
0
0
2
0
1
0
0
0
0
10
1
1
0
0
1
3
0
0
46
0
728
0
0
0
0
1
3
0
0
0
0
0
0
2
0
1
1
0
0
0
1
1
788
0
0
4
0
0
1
0
24
2
4
0
0
0
0
0
0
0
0
2
0
1
0
1
1
1
0
1
2
2
3
9
0
0
1
16
1
0
11
0
0
0
1
0
1
3
0
4
1
0
0
0
0
0
0
1
0
2
0
1
0
6
573
0
0
0
4
0
0
0
0
1
0
0
1
0
4
14
0
0
2
0
0
0
2
0
5
0
2
0
0
0
15
0
1
1
0
1
1
0
0
0
0
0
3
1
2
0
0
0
0
0
0
0
0
1
0
0
0
1
0
0
1
0
0
0
0
0
0
2
0
0
0
0
4
43
2
73
0
0
0
0
0
1
0
0
0
2
0
0
0
1
689
21
0
0
2
1
4
0
0
0
0
1
0
0
0
0
1
0
0
1
10
79
0
2
0
1
0
108
0
1
0
0
0
0
0
1
0
1
3
0
1
0
0
27
0
0
5
0
0
0
0
1
0
2
0
0
0
50
0
0
10
0
0
0
0
0
0
0
1
0
1
0
0
3
0
34
4
2
0
0
0
0
1
0
0
2
1
19
0
0
4
17
0
0
0
0
0
11
0
1
5
0
1
0
10
0
0
0
3
4
0
0
0
0
0
0
0
0
0
0
0
649
0
0
0
37
0
0
5
0
0
0
0
1
8
0
0
0
0
2
0
0
2
0
0
0
0
13
0
0
1
0
0
0
795
0
0
0
0
1
0
0
721
6
0
0
3
0
0
5
0
0
0
0
2
0
38
1
0
0
0
0
140
0
0
0
0
3
0
0
0
9
2
0
0
5
1
0
0
0
2
0
0
3
7
0
9
88
0
0
3
0
2
0
0
1
0
12
0
0
0
0
0
9
15
5
0
3
0
0
1
0
0
0
0
20
1
1
1
0
0
0
0
0
20
3
0
1
0
0
0
0
0
2
1
0
2
0
0
0
1
0
0
0
0
44
147
314
0
0
174
0
0
4
0
1
0
0
0
0
0
3
3
0
0
154
0
0
6
0
0
1
0
0
0
0
47
0
0
0
5
797
1
11
0
12
0
1
0
0
0
0
0
0
0
750
0
0
0
0
0
0
0
0
0
0
0
0
2
0
0
0
0
0
0
0
0
0
0
0
0
0
0
0
0
11
0
0
0
0
0
0
0
0
1
0
0
0
1
5
787
0
59
0
0
0
0
0
0
0
29
28
4
0
0
124
0
0
2
0
0
0
0
0
0
0
0
0
0
1
1
4
0
5
0
3
0
0
0
0
13
0
53
0
0
0
0
1
1
0
6
0
0
0
0
0
0
0
1
0
0
1
0
1
0
1
1
1
0
0
4
0
0
1
3
0
0
2
1
0
0
0
1
0
0
0
0
0
2
1
0
0
0
13
0
0
0
0
0
0
4
0
0
0
0
37
0
0
0
0
0
0
0
2
0
0
0
0
0
0
0
0
0
1
8
0
0
0
0
0
0
0
0
5
715
0
0
0
0
0
0
0
0
0
0
0
1
0
0
0
0
0
0
0
1
0
0
0
0
0
0
1
4
0
0
2
0
0
0
0
9
0
18
0
1
6
1
0
21
0
0
0
0
0
6
1
0
1
0
6
0
0
0
13
0
6
0
1
0
0
156
0
4
0
0
0
0
0
8
27
0
11
7
0
0
0
0
0
0
1
1
0
99
0
0
1
228
0
6
2
2
0
0
0
0
0
1
0
3
2
0
2
0
29
0
2
0
0
0
1
0
2
1
3
1
0
0
0
0
0
0
4
0
0
3
0
1
0
0
0
0
8
8
0
0
40
5
3
0
0
0
0
1
11
0
0
1
1
0
0
0
0
0
0
0
0
1
3
0
0
1
1
1
35
0
0
0
0
0
0
1
0
0
8
0
0
0
1
0
0
0
0
0
0
0
0
1
0
0
0
2
0
0
0
60
0
0
0
0
0
0
0
0
0
0
1
0
0
0
0
15
0
2
0
0
0
1
0
16
2
13
0
589
0
0
0
798
0
0
0
0
0
21
0
0
0
2
0
0
0
0
0
1
1
0
0
0
1
0
1
1
0
0
1
4
0
1
0
5
0
2
0
0
1
0
0
0
3
0
27
1
0
0
0
0
1
0
0
0
0
0
0
1
0
45
0
0
0
0
0
0
1
0
0
0
0
0
1
0
1
0
0
0
0
1
1
0
0
0
0
3
6
1
2
0
24
0
0
0
29
2
0
4
0
1
4
2
4
1
2
0
0
0
0
0
0
165
0
0
7
0
0
0
0
0
0
0
0
0
0
58
0
208
87
0
4
1
0
0
0
0
0
0
0
0
0
0
3
0
0
0
0
0
0
10
1
0
0
0
0
1
0
2
1
0
0
0
0
0
0
11
0
0
0
0
0
0
1
34
0
0
0
0
22
0
0
0
0
0
0
0
0
0
0
0
0
34
0
0
0
695
2
0
0
1
0
0
0
21
0
1
0
2
2
8
0
0
0
1
0
0
2
0
1
0
1
0
0
0
0
0
3
3
0
0
11
16
0
0
8
0
1
0
0
0
2
1
0
0
0
0
0
0
0
0
0
0
1
1
1
0
0
2
0
6
0
0
3
0
742
1
2
1
662
0
0
1
1
1
0
0
0
0
0
0
27
1
0
0
0
1
0
0
0
0
0
257
0
0
0
0
0
0
0
0
2
0
0
0
0
0
0
1
1
0
4
0
0
0
0
0
0
0
0
0
0
1
1
1
0
0
0
0
1
0
1
0
0
0
1
0
2
0
0
0
0
0
0
0
0
12
0
0
0
1
0
6
0
0
0
2
0
330
2
0
7
0
0
0
0
0
1
1
7
1
3
0
9
0
0
5
15
0
3
0
0
0
0
53
1
7
0
14
6
0
0
0
1
0
0
0
0
0
0
0
0
0
0
0
0
0
0
1
1
0
0
0
0
0
0
1
0
0
0
0
0
0
0
0
0
0
5
0
0
7
0
2
0
3
0
1
1
1
6
0
0
0
0
0
0
0
0
3
0
2
0
4
1
0
0
0
0
0
57
1
1
0
0
0
1
3
0
0
1
0
0
2
0
1
0
0
1
0
0
0
0
0
1
0
0
0
0
4
0
0
1
3
1
14
0
0
2
0
0
0
0
1
0
0
0
3
0
0
0
0
0
0
1
0
29
0
4
0
0
5
0
0
0
0
0
0
0
8
0
0
2
0
0
1
0
785
0
8
0
1
0
1
0
0
1
2
0
2
0
0
0
204
0
0
1
2
0
0
3
1
0
0
0
0
0
0
1
0
12
1
2
0
0
0
0
3
0
23
0
1
2
1
0
1
0
0
0
1
0
0
0
3
0
1
0
0
0
271
3
0
0
1
17
0
2
0
0
0
1
0
0
0
2
4
0
11
0
13
0
0
0
0
99
3
0
1
1
1
0
0
0
0
0
0
0
3
11
1
0
6
1
1
0
72
0
0
0
0
0
1
0
6
1
0
0
0
2
0
0
0
0
0
0
0
0
6
11
0
0
0
0
0
0
0
0
0
1
0
0
0
0
1
0
1
0
1
0
0
0
0
0
2
0
0
0
1
1
0
0
785
0
0
0
1
0
1
0
1
0
0
2
0
4
0
0
465
0
1
8
4
0
0
0
13
0
0
0
4
0
0
3
9
0
0
0
1
0
0
0
1
0
1
0
43
0
2
3
12
3
0
5
1
0
0
0
1
0
7
1
0
0
0
7
0
0
0
2
0
0
0
0
127
0
0
0
1
0
0
4
0
0
0
0
0
0
0
0
0
0
0
1
1
0
0
0
2
1
0
1
0
0
0
4
1
0
12
0
0
0
0
3
2
5
0
0
26
0
11
0
0
1
0
2
0
0
0
0
0
0
0
0
0
0
0
0
4
0
20
4
0
0
0
0
1
0
1
0
31
3
0
0
0
4
1
5
0
0
0
0
0
0
1
0
0
0
0
0
0
0
2
0
0
1
0
0
0
0
0
0
0
0
0
0
0
1
0
0
7
0
0
0
0
4
1
0
146
0
32
6
0
0
0
0
1
0
0
1
0
1
0
0
765
0
0
0
0
0
0
0
1
1
0
0
0
0
332
0
41
10
1
0
0
0
0
0
0
0
0
0
0
0
0
0
22
0
0
2
0
46
0
0
0
0
0
0
0
0
4
2
17
0
0
0
0
0
0
0
3
3
0
0
0
0
0
0
0
0
0
0
0
2
0
7
1
0
16
0
3
0
0
0
2
0
5
0
0
0
0
29
0
8
5
1
0
0
1
0
1
0
0
0
0
1
0
6
0
1
4
0
1
1
0
1
2
0
12
0
18
0
22
2
0
0
0
0
0
0
1
0
0
0
0
0
0
0
0
0
2
1
0
0
0
0
0
0
129
0
17
0
3
0
0
0
0
0
1
0
0
0
0
0
1
0
0
0
144
23
9
0
0
1
0
0
773
1
0
2
0
0
0
2
0
0
0
2
0
0
0
0
0
1
0
7
0
0
25
0
0
0
0
0
0
0
0
1
0
0
1
0
0
0
0
0
13
1
0
0
0
0
0
2
1
1
0
2
3
0
0
2
0
0
1
0
1
3
1
0
0
14
0
0
0
11
2
0
0
4
0
0
0
0
0
0
1
0
0
0
0
3
0
0
2
0
0
0
0
3
0
0
0
1
0
1
0
1
0
0
4
2
0
0
0
33
0
0
2
787
0
0
0
0
0
0
0
0
2
0
11
0
0
0
0
31
8
1
5
2
0
0
0
0
0
0
1
4
0
100
0
0
0
0
0
0
0
0
0
0
0
0
0
1
2
2
0
0
