Fitness metrics: KappaLoss, CrossValidationLoss

Individual 104
Population size: 800
Generations: 200
Seed: 29
Max features: 50
Crossover probability: 0.9
Mutation probability: 1.0
Pool proportion (to population size): 0.5
Mean fitness values of each generation
[0.7945115  0.48708682]
[0.71168815 0.4308467 ]
[0.65695214 0.39592391]
[0.61206635 0.36887614]
[0.5706447  0.34815728]
[0.5337687 0.3274662]
[0.49738363 0.31085547]
[0.46524879 0.29382773]
[0.43535385 0.27791194]
[0.40990672 0.26271688]
[0.38665458 0.24987985]
[0.36313756 0.23993552]
[0.34449716 0.23010685]
[0.32779016 0.22222007]
[0.3132773  0.21284264]
[0.29704499 0.20605726]
[0.27977554 0.19834414]
[0.27003802 0.19138978]
[0.25838672 0.18557841]
[0.24990914 0.17931238]
[0.24198595 0.17416284]
[0.23540831 0.17039682]
[0.23108724 0.16601682]
[0.22474405 0.16328344]
[0.21756254 0.15959666]
[0.21048492 0.15719448]
[0.2050832 0.1541329]
[0.19986935 0.15095595]
[0.1939428  0.14879838]
[0.18978904 0.14698565]
[0.18704457 0.14404616]
[0.18279968 0.14230872]
[0.17674036 0.14046423]
[0.17283227 0.13807781]
[0.16975232 0.13597054]
[0.16783914 0.13411983]
[0.16409787 0.13189235]
[0.16347317 0.12934967]
[0.16163258 0.12679221]
[0.15809563 0.12579551]
[0.15567293 0.1244243 ]
[0.15412757 0.12263854]
[0.15042052 0.12154074]
[0.15021212 0.1196355 ]
[0.14715424 0.11907255]
[0.1461143  0.11742866]
[0.14472748 0.1164849 ]
[0.14308019 0.11556163]
[0.13994084 0.11530303]
[0.14041888 0.11295972]
[0.13955521 0.11208672]
[0.1378678  0.11145969]
[0.1357921  0.11069639]
[0.13338229 0.11042839]
[0.13321842 0.1091264 ]
[0.13180959 0.10861217]
[0.13097009 0.10768544]
[0.13032655 0.10663516]
[0.12930525 0.10594483]
[0.12793512 0.10513837]
[0.12844031 0.10338904]
[0.12754597 0.10315235]
[0.12709078 0.10210996]
[0.12650937 0.10145545]
[0.12481881 0.10120851]
[0.12346155 0.10052502]
[0.1235773  0.09940319]
[0.12142915 0.0990824 ]
[0.12012544 0.09860162]
[0.11902327 0.09787225]
[0.11739158 0.09775788]
[0.11680038 0.09703061]
[0.11595155 0.09628924]
[0.11487764 0.09597056]
[0.11421546 0.09483011]
[0.1130238 0.0943359]
[0.1129832  0.09341726]
[0.11128907 0.09303247]
[0.11045734 0.09252653]
[0.11047501 0.09154617]
[0.10950694 0.09086328]
[0.1078032  0.09054487]
[0.10697108 0.08996893]
[0.10602232 0.08914082]
[0.10473161 0.08861739]
[0.10305966 0.08838785]
[0.10213018 0.08751957]
[0.10210704 0.08667112]
[0.1010965  0.08592353]
[0.10020034 0.08583573]
[0.09915926 0.08508148]
[0.09749882 0.08462127]
[0.09658377 0.08392517]
[0.09592034 0.08355946]
[0.09501709 0.08338951]
[0.09424221 0.08286582]
[0.09436772 0.08186699]
[0.09353587 0.08148032]
[0.09310407 0.08104476]
[0.09096308 0.08100767]
[0.09086915 0.08001919]
[0.09019565 0.07929152]
[0.09017536 0.07818302]
[0.08898893 0.07792971]
[0.08844201 0.07736543]
[0.0873798  0.07707806]
[0.08613972 0.07688531]
[0.08499448 0.07689881]
[0.08440718 0.07653845]
[0.08320913 0.07658087]
[0.08276738 0.07624989]
[0.08173856 0.07601774]
[0.0808452  0.07574014]
[0.08048795 0.07560061]
[0.08051993 0.07450876]
[0.08063634 0.07355788]
[0.08040516 0.07301838]
[0.07980767 0.07281513]
[0.07907274 0.07269781]
[0.07849578 0.07259081]
[0.07777192 0.07244745]
[0.07706756 0.07209116]
[0.07660668 0.07178816]
[0.07627116 0.07158266]
[0.07577785 0.07149026]
[0.07466311 0.07148357]
[0.0732569 0.0715189]
[0.07289859 0.07119429]
[0.07251915 0.07099622]
[0.07198468 0.07083182]
[0.07140747 0.07051934]
[0.07099701 0.07032699]
[0.07099688 0.06995279]
[0.07062845 0.06976791]
[0.07055431 0.0693723 ]
[0.0701026  0.06930803]
[0.07005043 0.06892953]
[0.06980944 0.06856337]
[0.06975855 0.06812406]
[0.06942205 0.06797234]
[0.06951622 0.06738502]
[0.06956882 0.06684428]
[0.06910686 0.06667362]
[0.06876078 0.06609767]
[0.06877066 0.06545087]
[0.06902383 0.06490948]
[0.06909637 0.06444034]
[0.06891743 0.06435081]
[0.06904477 0.06374475]
[0.06877182 0.06344539]
[0.06896069 0.06301576]
[0.06879261 0.06285534]
[0.06825718 0.06275149]
[0.06811953 0.06246277]
[0.0676261 0.0622645]
[0.0673198  0.06198815]
[0.06715193 0.06175575]
[0.06648917 0.06171214]
[0.06635239 0.06150601]
[0.06579476 0.06159078]
[0.06567956 0.06139476]
[0.06557478 0.06125807]
[0.06529192 0.06098108]
[0.0654716  0.06059468]
[0.06508325 0.06043423]
[0.06471477 0.0602175 ]
[0.06469408 0.05998751]
[0.06453664 0.0598744 ]
[0.06444189 0.05967019]
[0.06424192 0.05946933]
[0.06389598 0.05928736]
[0.06340185 0.05921228]
[0.06309649 0.05928856]
[0.06271803 0.05921774]
[0.06260254 0.05902655]
[0.06259116 0.05887871]
[0.06209678 0.05908194]
[0.06149922 0.05909055]
[0.06116302 0.05896083]
[0.06084756 0.05885671]
[0.06089018 0.05852572]
[0.06080627 0.0583169 ]
[0.06082685 0.05808781]
[0.06057407 0.05783616]
[0.0601004  0.05781315]
[0.05978584 0.0577759 ]
[0.05949101 0.05781141]
[0.05918645 0.05781446]
[0.05897666 0.05758791]
[0.05881984 0.05726652]
[0.05867314 0.05703872]
[0.05829591 0.05699086]
[0.05808594 0.05694007]
[0.05773982 0.0569404 ]
[0.05764498 0.05682325]
[0.05769723 0.05659117]
[0.05742401 0.05646268]
[0.05723532 0.0561523 ]
[0.05702492 0.05596721]
[0.05689772 0.05574465]
[0.05665634 0.05554783]



Individual 107
Population size: 800
Generations: 200
Seed: 29
Max features: 50
Crossover probability: 0.9
Mutation probability: 1.0
Pool proportion (to population size): 0.5
Mean fitness values of each generation
[0.72547713 0.48001728]
[0.66212933 0.43553383]
[0.63302788 0.41345593]
[0.6119402 0.3954783]
[0.58985241 0.37982182]
[0.56867639 0.36302772]
[0.54442635 0.35062621]
[0.52773209 0.33407599]
[0.50925273 0.32014863]
[0.49359869 0.30750079]
[0.47692897 0.29828208]
[0.46073516 0.28768462]
[0.44753055 0.2752273 ]
[0.43619597 0.26491168]
[0.42706465 0.25730904]
[0.41530634 0.24789187]
[0.40445888 0.24118821]
[0.39670322 0.23250882]
[0.3877001  0.22589021]
[0.37993037 0.22098257]
[0.37352296 0.21725258]
[0.36709734 0.21253553]
[0.36078456 0.20963267]
[0.35531913 0.20641737]
[0.35060395 0.20236503]
[0.34458884 0.19959362]
[0.33849721 0.19750388]
[0.33263261 0.19443164]
[0.3287286 0.1902865]
[0.32737411 0.1856556 ]
[0.32385112 0.18360033]
[0.32077678 0.18082084]
[0.31730766 0.17878285]
[0.31280609 0.17692287]
[0.30945526 0.17489115]
[0.3061656  0.17289834]
[0.30105653 0.17104398]
[0.29783473 0.16895215]
[0.29491414 0.16653498]
[0.29210511 0.1642009 ]
[0.28964155 0.16288369]
[0.28599826 0.16191678]
[0.28226879 0.16062898]
[0.27998912 0.15893906]
[0.27625161 0.15735852]
[0.2717843  0.15588315]
[0.26944907 0.15479663]
[0.26720913 0.15331951]
[0.26557636 0.15120442]
[0.26302638 0.15016725]
[0.2600087  0.14992205]
[0.25716057 0.14894475]
[0.25659783 0.1472571 ]
[0.25499368 0.14591291]
[0.25377982 0.14454548]
[0.25087041 0.14368404]
[0.24790879 0.14322811]
[0.24627624 0.1424297 ]
[0.24233902 0.14240506]
[0.24041978 0.14132411]
[0.23956263 0.13963401]
[0.23790486 0.13840936]
[0.23772712 0.13713302]
[0.23530752 0.13675484]
[0.23462358 0.13561174]
[0.23160772 0.13555801]
[0.22959456 0.1345078 ]
[0.22979225 0.13295973]
[0.22958032 0.13112545]
[0.22751055 0.13054096]
[0.22635717 0.13026669]
[0.22435325 0.12990725]
[0.22434387 0.12857682]
[0.22435378 0.12772332]
[0.2233617  0.12692571]
[0.22160789 0.12667369]
[0.22161821 0.12522917]
[0.22137524 0.12395853]
[0.22081019 0.12274717]
[0.22043637 0.12184103]
[0.21842257 0.12165863]
[0.21737046 0.12116554]
[0.21604095 0.12102442]
[0.21473291 0.12028168]
[0.21266746 0.12009076]
[0.2121772  0.11941424]
[0.21224074 0.11861565]
[0.21256347 0.11719955]
[0.21120922 0.11724684]
[0.21052148 0.11673196]
[0.21057473 0.11623742]
[0.21010519 0.11588515]
[0.2103459  0.11492498]
[0.20939772 0.1148061 ]
[0.20844902 0.11452385]
[0.20787625 0.11373482]
[0.20695854 0.11377756]
[0.20654175 0.11331265]
[0.20549681 0.11286   ]
[0.20464371 0.11260331]
[0.20354945 0.1122543 ]
[0.20225445 0.11186136]
[0.20205825 0.11157895]
[0.20212093 0.11095328]
[0.20055506 0.11077343]
[0.2004616  0.11013252]
[0.20043017 0.10930366]
[0.20013895 0.10826895]
[0.20002603 0.10773561]
[0.19995191 0.1070586 ]
[0.19840811 0.10709374]
[0.19823993 0.10624449]
[0.19702936 0.10596112]
[0.19566146 0.10617423]
[0.19552412 0.10568054]
[0.19479253 0.10535084]
[0.19418676 0.10483682]
[0.19317671 0.10503542]
[0.19310465 0.1046391 ]
[0.19303072 0.10421283]
[0.19306223 0.10359647]
[0.19123633 0.10373783]
[0.18931726 0.10421856]
[0.18887798 0.10405544]
[0.18812628 0.10379641]
[0.18652999 0.1036723 ]
[0.18541355 0.10350241]
[0.18539247 0.10282501]
[0.18531863 0.10238732]
[0.18401291 0.1024296 ]
[0.18407141 0.10195189]
[0.1835395  0.10133684]
[0.18273558 0.10086255]
[0.18129267 0.1008697 ]
[0.17927716 0.10129452]
[0.17902496 0.10061638]
[0.17885646 0.100233  ]
[0.17818745 0.1001224 ]
[0.1778101  0.10005422]
[0.17821402 0.09908458]
[0.17719916 0.09892309]
[0.17642585 0.09863449]
[0.17527707 0.09778779]
[0.17477597 0.09757389]
[0.17486896 0.09700072]
[0.1749516  0.09663378]
[0.17379133 0.09634886]
[0.17342557 0.09622372]
[0.17323661 0.09566199]
[0.17221161 0.09551433]
[0.17014508 0.09636344]
[0.16864195 0.09627721]
[0.1689023  0.09564674]
[0.16922539 0.09453569]
[0.16953831 0.09388026]
[0.16889894 0.09365384]
[0.16844111 0.09315347]
[0.16856582 0.09259561]
[0.16751213 0.09268369]
[0.16729196 0.09270624]
[0.16704112 0.09263806]
[0.16665366 0.0923823 ]
[0.16646467 0.09204877]
[0.16544074 0.09195741]
[0.16607499 0.09131035]
[0.16604164 0.09039961]
[0.16455955 0.09053951]
[0.16461062 0.08983932]
[0.16414136 0.08964202]
[0.16365948 0.08943539]
[0.16352215 0.08883462]
[0.16436596 0.08756698]
[0.1635828  0.08764503]
[0.16392691 0.08686337]
[0.16455196 0.08536947]
[0.16430057 0.08484534]
[0.1644662  0.08385972]
[0.16272252 0.08401734]
[0.1618037  0.08405032]
[0.16170961 0.08353956]
[0.16218848 0.08277976]
[0.16254358 0.08234044]
[0.16335775 0.08106121]
[0.16314818 0.08100848]
[0.16286596 0.08082699]
[0.16281358 0.08050633]
[0.16206183 0.08040886]
[0.16147644 0.08030949]
[0.16084046 0.07972478]
[0.16057941 0.07931116]
[0.16040113 0.07904576]
[0.15952297 0.0787552 ]
[0.15854145 0.07876888]
[0.15795712 0.07855755]
[0.15798744 0.07764892]
[0.1582779  0.07695342]
[0.15815277 0.07674244]
[0.15729698 0.07670153]
[0.15725562 0.07640675]
[0.15679578 0.07609939]
[0.15661716 0.07581137]



Individual 110
Population size: 800
Generations: 200
Seed: 29
Max features: 50
Crossover probability: 0.9
Mutation probability: 1.0
Pool proportion (to population size): 0.5
Mean fitness values of each generation
[0.7204977  0.46887202]
[0.65629657 0.42032302]
[0.61784703 0.39554841]
[0.58476372 0.37883135]
[0.56038782 0.36362321]
[0.5356719 0.3519748]
[0.5141576  0.33684464]
[0.4933138  0.32520119]
[0.4711608  0.31542123]
[0.4516014  0.30471746]
[0.43437837 0.29500754]
[0.41507492 0.2853629 ]
[0.4013987  0.27606627]
[0.38955538 0.26727123]
[0.38062855 0.25984167]
[0.37051262 0.25187897]
[0.36119616 0.24506944]
[0.35289542 0.23951131]
[0.34623701 0.23335198]
[0.33941345 0.22821052]
[0.33230774 0.22169881]
[0.32586071 0.21657341]
[0.31977043 0.21312262]
[0.31216172 0.20882857]
[0.30387381 0.20619603]
[0.29900577 0.20318234]
[0.29419203 0.20028948]
[0.29024696 0.1961006 ]
[0.28354776 0.19326508]
[0.27995004 0.18979484]
[0.27643371 0.18674722]
[0.27243388 0.18432857]
[0.27046687 0.18028829]
[0.26617498 0.17837758]
[0.26173729 0.1769123 ]
[0.25849383 0.17502698]
[0.25595091 0.17315258]
[0.25419255 0.17066607]
[0.25172117 0.16883373]
[0.24966864 0.16723016]
[0.2470933  0.16642361]
[0.24460108 0.16475913]
[0.24291545 0.16273492]
[0.24150261 0.16085119]
[0.23777467 0.16051052]
[0.23569076 0.15865357]
[0.23389982 0.15760337]
[0.23264363 0.15640456]
[0.23037116 0.1550254 ]
[0.2299527  0.15336845]
[0.22760683 0.15252401]
[0.22671662 0.15136806]
[0.22596231 0.15054921]
[0.2248619  0.14949782]
[0.22396156 0.14845655]
[0.2225786  0.14762897]
[0.22179297 0.14615933]
[0.2207987  0.14516012]
[0.21984612 0.14438909]
[0.21999316 0.14295655]
[0.21955339 0.14235754]
[0.21922876 0.14144127]
[0.2187676  0.14090595]
[0.21727069 0.14036587]
[0.21650705 0.13971627]
[0.21507307 0.13873512]
[0.21383786 0.13844067]
[0.21364926 0.13759464]
[0.21378517 0.13637421]
[0.21281066 0.1360494 ]
[0.21166973 0.13545833]
[0.21115743 0.13438274]
[0.21019382 0.13402183]
[0.21095865 0.13273492]
[0.21030901 0.13190536]
[0.20871725 0.13158591]
[0.2085817  0.13117778]
[0.20739794 0.13113016]
[0.20765993 0.13058155]
[0.20643454 0.13061131]
[0.20589068 0.13021508]
[0.20477036 0.12980536]
[0.20345041 0.12980258]
[0.2025914  0.12978194]
[0.20047437 0.1300129 ]
[0.20058924 0.12909563]
[0.19969856 0.1290381 ]
[0.19910142 0.12908889]
[0.19840993 0.12888552]
[0.19832609 0.12816131]
[0.19768739 0.12790972]
[0.19713296 0.12758849]
[0.19681894 0.12721032]
[0.19635808 0.1272506 ]
[0.19550964 0.12669325]
[0.1947768  0.12650635]
[0.19452549 0.12624365]
[0.19414854 0.12532599]
[0.19297458 0.12531429]
[0.19222042 0.12502004]
[0.19214687 0.12456647]
[0.19183266 0.12411706]
[0.19170649 0.12346706]
[0.19096269 0.12300317]
[0.19062714 0.12251052]
[0.19045957 0.12198671]
[0.18997839 0.12128552]
[0.18855365 0.12160853]
[0.18760001 0.12165972]
[0.18790363 0.12086984]
[0.18690875 0.12049762]
[0.18658402 0.12004742]
[0.18611249 0.1194256 ]
[0.1855573  0.11898512]
[0.18433131 0.11889345]
[0.18291658 0.11937877]
[0.18153334 0.11933036]
[0.18104084 0.11878889]
[0.18072614 0.11788671]
[0.18009761 0.11732183]
[0.17933269 0.11717817]
[0.17880933 0.11727004]
[0.17842183 0.11648313]
[0.17801327 0.11595357]
[0.17747884 0.11584742]
[0.17657734 0.11564325]
[0.17644094 0.11475357]
[0.17560292 0.11445099]
[0.17584394 0.11355377]
[0.17515232 0.11319563]
[0.17432456 0.11331687]
[0.17453388 0.1122871 ]
[0.17405222 0.11188472]
[0.17391556 0.11110238]
[0.17425016 0.11044147]
[0.17382049 0.11019444]
[0.17322287 0.10949583]
[0.17242694 0.10915556]
[0.17164103 0.10869563]
[0.16991224 0.10867579]
[0.16874968 0.10862976]
[0.16775459 0.10826349]
[0.16690608 0.10777421]
[0.16660242 0.10687758]
[0.16594212 0.10673532]
[0.16489466 0.10672758]
[0.16420303 0.10667659]
[0.16309214 0.10644484]
[0.16296617 0.10584306]
[0.16218045 0.10563155]
[0.16137386 0.10552698]
[0.16037831 0.10517183]
[0.16017903 0.10428452]
[0.16003247 0.10361329]
[0.15913129 0.10361964]
[0.15813571 0.10325357]
[0.15730854 0.10316389]
[0.15718271 0.10260516]
[0.15607258 0.10267917]
[0.15520307 0.10239623]
[0.15435454 0.10223254]
[0.15422866 0.10160615]
[0.15405027 0.10132837]
[0.15327498 0.10125774]
[0.15265715 0.10110317]
[0.15151583 0.10117163]
[0.15059442 0.10110536]
[0.14982991 0.1010002 ]
[0.1494215  0.10065794]
[0.14993416 0.09954504]
[0.1500073  0.09897044]
[0.1497348  0.09882004]
[0.1486455  0.09902321]
[0.14820566 0.09897837]
[0.14747235 0.09904286]
[0.14744075 0.09853829]
[0.14761857 0.09799365]
[0.1474719  0.09751349]
[0.14713696 0.09706746]
[0.14673865 0.09669722]
[0.14596335 0.09661468]
[0.14622475 0.09590655]
[0.14521933 0.09621389]
[0.14511443 0.09593274]
[0.14468493 0.09590258]
[0.14392028 0.09601429]
[0.14394134 0.09570357]
[0.14405636 0.09527143]
[0.14336506 0.09537083]
[0.14308244 0.09512837]
[0.14299866 0.09485437]
[0.14286236 0.09451925]
[0.14245376 0.09441091]
[0.142328  0.0942504]
[0.14197192 0.0941377 ]
[0.14136412 0.09417163]
[0.14109169 0.09417877]
[0.14068314 0.09416865]
[0.14021165 0.09418115]
[0.13960444 0.09430655]
[0.13939483 0.09408829]



