Fitness metrics: KappaLoss, CrossValidationLoss

Individual 104
Population size: 800
Generations: 200
Seed: 11
Max features: 50
Crossover probability: 0.9
Mutation probability: 1.0
Pool proportion (to population size): 0.5
Mean fitness values of each generation
[0.73736828 0.46044284]
[0.66052106 0.41093372]
[0.60927144 0.38165491]
[0.56699222 0.35609557]
[0.53622828 0.3349481 ]
[0.50566544 0.31384224]
[0.47038642 0.29860386]
[0.4449416  0.28387305]
[0.41911543 0.27116702]
[0.39704545 0.25757432]
[0.37690199 0.24594559]
[0.36013105 0.23502104]
[0.34487846 0.22568011]
[0.32788881 0.21792821]
[0.31535829 0.21002204]
[0.30448873 0.20357402]
[0.292209   0.19682992]
[0.28351208 0.19134442]
[0.27725166 0.18408295]
[0.2703815  0.17884006]
[0.26420427 0.17363489]
[0.25463819 0.17158554]
[0.24940172 0.16768399]
[0.24371379 0.16417106]
[0.23763997 0.16184444]
[0.23257163 0.15796353]
[0.22824441 0.15541821]
[0.22496816 0.15271755]
[0.21959797 0.15171454]
[0.21734125 0.14951157]
[0.21453482 0.14786511]
[0.21174868 0.14625091]
[0.20891712 0.14578026]
[0.20748317 0.14378119]
[0.20467931 0.1427356 ]
[0.2003684  0.14203702]
[0.19919972 0.13962773]
[0.19625627 0.13843237]
[0.19445675 0.13678987]
[0.19125826 0.13622976]
[0.188107   0.13597585]
[0.18759825 0.13432724]
[0.18552854 0.13359632]
[0.18284503 0.1334709 ]
[0.1823102  0.13183667]
[0.18181357 0.12978654]
[0.18120385 0.12788399]
[0.17960493 0.12714671]
[0.1798096  0.12508009]
[0.1783215  0.12425166]
[0.17722791 0.12308193]
[0.17409342 0.12297613]
[0.17388898 0.1219435 ]
[0.17272902 0.12100946]
[0.17082689 0.12050671]
[0.16888245 0.120096  ]
[0.16877941 0.11878815]
[0.16772221 0.11772473]
[0.16503512 0.11817496]
[0.16344349 0.11717246]
[0.1636096  0.11535146]
[0.16197411 0.11457066]
[0.15983657 0.11436394]
[0.15858911 0.1133685 ]
[0.15771668 0.11255231]
[0.1557699  0.11217499]
[0.15616429 0.11080207]
[0.15537423 0.10985839]
[0.15346461 0.10963798]
[0.15190245 0.10926329]
[0.15145934 0.10866217]
[0.14932687 0.10815917]
[0.14998449 0.10674126]
[0.14928814 0.10620368]
[0.14850537 0.10566064]
[0.14592332 0.10641658]
[0.14437835 0.10643385]
[0.14432057 0.10531375]
[0.14282525 0.10522495]
[0.14282411 0.10401739]
[0.14122634 0.10453002]
[0.13980305 0.10417839]
[0.13908421 0.10421182]
[0.13886206 0.10250666]
[0.13800258 0.10221894]
[0.13677721 0.10197767]
[0.13762052 0.10049822]
[0.13673981 0.0996064 ]
[0.13678849 0.09846692]
[0.135498   0.09807214]
[0.13513786 0.0966031 ]
[0.13459745 0.0956749 ]
[0.13411781 0.09525606]
[0.13168536 0.0957692 ]
[0.13176829 0.09493925]
[0.13136586 0.09399033]
[0.13183221 0.09286898]
[0.13147131 0.09225767]
[0.13026404 0.09194774]
[0.12871734 0.09183006]
[0.12845413 0.09100839]
[0.12817092 0.09028355]
[0.12547926 0.09063789]
[0.12510903 0.08987633]
[0.1234512  0.08979272]
[0.12154567 0.08960555]
[0.12126127 0.08918467]
[0.12083574 0.08873378]
[0.11928945 0.08885041]
[0.1192681  0.08817212]
[0.11869752 0.08735904]
[0.11871702 0.08670657]
[0.11758599 0.08658511]
[0.11638909 0.08655219]
[0.11527965 0.08667735]
[0.11594857 0.08561177]
[0.11554782 0.08556376]
[0.11492306 0.0854511 ]
[0.11409982 0.08487555]
[0.11238516 0.08507432]
[0.11182651 0.08496382]
[0.11137148 0.08446076]
[0.11040972 0.08434211]
[0.11046186 0.08358155]
[0.10953068 0.08336097]
[0.10959454 0.08279573]
[0.10924574 0.08223771]
[0.11033875 0.0810828 ]
[0.11020411 0.08044037]
[0.10952515 0.08038974]
[0.10854072 0.08058521]
[0.10731394 0.08024754]
[0.1062977  0.07991643]
[0.10647833 0.07944625]
[0.10598098 0.07934591]
[0.10617166 0.07885752]
[0.10575883 0.07838921]
[0.10569577 0.07799559]
[0.10490286 0.07796667]
[0.10381395 0.07807883]
[0.10393997 0.07772504]
[0.10345491 0.07752215]
[0.10225029 0.07794356]
[0.10198484 0.07799643]
[0.10178684 0.07749025]
[0.1014794  0.07730994]
[0.10171129 0.07676246]
[0.10099169 0.07688718]
[0.10009231 0.07705335]
[0.09913969 0.07702342]
[0.099234   0.07675016]
[0.09866306 0.07667829]
[0.09787133 0.07631279]
[0.09772141 0.07576548]
[0.09775296 0.07533129]
[0.09754216 0.07472776]
[0.09589943 0.07505822]
[0.09602726 0.07450975]
[0.09550922 0.07446145]
[0.0952661  0.07387959]
[0.09396474 0.07409861]
[0.09359519 0.07388222]
[0.09461072 0.07289986]
[0.09414384 0.0727019 ]
[0.09317907 0.07275262]
[0.09171    0.07293038]
[0.09116027 0.07279717]
[0.09086537 0.07252785]
[0.09086512 0.07220045]
[0.09052634 0.07125802]
[0.09088662 0.07077183]
[0.09071619 0.07048635]
[0.09046227 0.07015454]
[0.09011437 0.06996942]
[0.08995502 0.06958346]
[0.08982847 0.06896351]
[0.08925815 0.06864083]
[0.08865511 0.0681775 ]
[0.08940671 0.06754584]
[0.08941695 0.0672103 ]
[0.08949178 0.06673605]
[0.08920696 0.06658248]
[0.08800213 0.06630597]
[0.08781217 0.06625351]
[0.08708465 0.0664442 ]
[0.08680856 0.06607403]
[0.08607893 0.06602196]
[0.0859406 0.0657865]
[0.08574109 0.06527995]
[0.08541363 0.0648276 ]
[0.08498077 0.06458325]
[0.08493783 0.06440373]
[0.08480987 0.06416763]
[0.0848637  0.06357089]
[0.08472555 0.06342742]
[0.08441859 0.06333591]
[0.08403665 0.06334381]
[0.08423856 0.06291803]
[0.0838275  0.06266444]
[0.08355126 0.06231337]
[0.08310642 0.06204599]


