Fitness metrics: KappaLoss, CrossValidationLoss

Individual 104
Population size: 800
Generations: 200
Seed: 29
Max features: 100
Crossover probability: 0.9
Mutation probability: 1.0
Pool proportion (to population size): 0.5
Mean fitness values of each generation
[0.66749607 0.41385504]
[0.58124796 0.36055705]
[0.53625985 0.33571924]
[0.50636486 0.31512283]
[0.47405688 0.29774526]
[0.45157374 0.28232411]
[0.42522119 0.26699365]
[0.40570332 0.25378312]
[0.38294421 0.24428235]
[0.36897225 0.23204438]
[0.35114424 0.22385286]
[0.33601104 0.21425418]
[0.32656117 0.2064317 ]
[0.3141107 0.2013923]
[0.30196794 0.19510358]
[0.29392918 0.18832409]
[0.2824651  0.18298427]
[0.27261613 0.17745764]
[0.26533137 0.17222575]
[0.25589868 0.16927179]
[0.24949627 0.16384914]
[0.24412581 0.16051541]
[0.23991158 0.15570652]
[0.23342159 0.15397151]
[0.2305499  0.14910634]
[0.22539469 0.14620418]
[0.22302721 0.14240029]
[0.21832177 0.14020702]
[0.21461096 0.13833223]
[0.21094837 0.13492338]
[0.20621569 0.1336077 ]
[0.20540432 0.12908047]
[0.2020975  0.12651007]
[0.19970101 0.12394611]
[0.19525318 0.12252986]
[0.19417551 0.11972667]
[0.19172798 0.11814643]
[0.18899416 0.11670143]
[0.18615759 0.11543858]
[0.18322236 0.11423333]
[0.18181135 0.11279245]
[0.18034302 0.11108587]
[0.17746285 0.11074322]
[0.17532398 0.10958904]
[0.1753487  0.10753204]
[0.17335987 0.10628   ]
[0.17196629 0.10492775]
[0.17008121 0.10368284]
[0.16828734 0.1028537 ]
[0.16564022 0.10152247]
[0.1649031  0.10010163]
[0.16438079 0.09780464]
[0.16257967 0.09676452]
[0.16068216 0.09588854]
[0.1587473  0.09523684]
[0.15770534 0.09386484]
[0.15617196 0.09355862]
[0.15436635 0.0918624 ]
[0.15295041 0.0911693 ]
[0.15205878 0.08984935]
[0.14981988 0.08968164]
[0.14866725 0.08848676]
[0.14753814 0.08784426]
[0.14426105 0.08747434]
[0.14250375 0.08717125]
[0.14060997 0.08614351]
[0.13958742 0.08485621]
[0.13870597 0.08398154]
[0.13784395 0.08290878]
[0.13648392 0.08173561]
[0.13622012 0.08035237]
[0.1348022  0.07945587]
[0.13289977 0.07900778]
[0.13227549 0.07853597]
[0.13190514 0.077758  ]
[0.1318111  0.07655027]
[0.13092084 0.07586296]
[0.13005725 0.07422545]
[0.12940075 0.07363303]
[0.12832482 0.07248864]
[0.12445039 0.0732455 ]
[0.12346288 0.07225037]
[0.12248    0.07170138]
[0.12030448 0.07204015]
[0.11960749 0.07091012]
[0.11887202 0.06991335]
[0.11742571 0.0698329 ]
[0.11716015 0.06902546]
[0.11590291 0.06826106]
[0.11418245 0.06823943]
[0.11352651 0.06739508]
[0.11342933 0.06640874]
[0.11255301 0.06560527]
[0.1112849 0.0655561]
[0.1107788  0.06521011]
[0.1101557  0.06430463]
[0.10959793 0.06341974]
[0.10890902 0.06293019]
[0.10809488 0.06233059]
[0.10748192 0.06160106]
[0.10637175 0.0614233 ]
[0.10536725 0.06116437]
[0.10421738 0.06088292]
[0.10322351 0.06054452]
[0.10137343 0.06047997]
[0.10084343 0.0597649 ]
[0.09974139 0.05929679]
[0.09905669 0.05863822]
[0.0980318  0.05833618]
[0.09723154 0.05797326]
[0.09640287 0.05699691]
[0.09513662 0.05620265]
[0.09434978 0.0554044 ]
[0.09301907 0.05523241]
[0.09199085 0.05505388]
[0.0915168 0.0542561]
[0.09097719 0.05363734]
[0.08940224 0.0530614 ]
[0.08708911 0.05333798]
[0.08661333 0.05231897]
[0.0860212  0.05140991]
[0.08558844 0.05055153]
[0.08490045 0.05019022]
[0.08453144 0.04935023]
[0.08338064 0.04945006]
[0.08194564 0.04945294]
[0.08111216 0.04910282]
[0.08050817 0.04885554]
[0.08006289 0.04811837]
[0.07939657 0.04803734]
[0.07898383 0.04732598]
[0.07816106 0.04730237]
[0.07794027 0.04682991]
[0.07718944 0.04669404]
[0.07646191 0.04657656]
[0.07616455 0.04599556]
[0.07592047 0.04536819]
[0.07542377 0.04491379]
[0.07528411 0.04418627]
[0.07452281 0.04393222]
[0.07384733 0.04362255]
[0.07333032 0.04336529]
[0.07287597 0.04293652]
[0.07252846 0.04264659]
[0.07206435 0.04238813]
[0.07120613 0.04220052]
[0.07078333 0.04176138]
[0.07026456 0.04150368]
[0.07003172 0.04108852]
[0.06885915 0.04107134]
[0.0684686  0.04047009]
[0.06790771 0.04024855]
[0.06726186 0.04008238]
[0.06673311 0.03959189]
[0.06601202 0.03950348]
[0.06554677 0.03930561]
[0.06495398 0.03920176]
[0.06445796 0.03896432]
[0.06417209 0.03855466]
[0.06379246 0.03800068]
[0.06317866 0.03785686]
[0.06280813 0.03755008]
[0.06213082 0.03752575]
[0.06177122 0.03716034]
[0.06162271 0.03689524]
[0.06119994 0.03651545]
[0.06082035 0.03605169]
[0.06060822 0.03594281]
[0.06012207 0.03573182]
[0.05985686 0.0352651 ]
[0.05952984 0.03510389]
[0.05918144 0.03478039]
[0.05883328 0.03452156]
[0.05818806 0.0344312 ]
[0.05792292 0.03397057]
[0.0574369  0.03370226]
[0.05708842 0.0334475 ]
[0.05670707 0.03335196]
[0.0560402  0.03350178]
[0.05575373 0.03331594]
[0.05543591 0.03299314]
[0.0553612  0.03252903]
[0.05489606 0.03240553]
[0.05467506 0.03197915]
[0.05398682 0.0319588 ]
[0.05355221 0.03184301]
[0.05355209 0.03130042]
[0.05327709 0.03071597]
[0.05281174 0.03059648]
[0.05210137 0.03060437]
[0.05195301 0.03007838]
[0.05192964 0.02975097]
[0.05144357 0.02939732]
[0.05085077 0.02949921]
[0.05062787 0.02893828]
[0.05057372 0.02828851]
[0.04994161 0.02798968]
[0.04973064 0.02755112]
[0.0494455  0.02720832]
[0.04942284 0.02695366]
[0.049095  0.0267137]



Individual 107
Population size: 800
Generations: 200
Seed: 29
Max features: 100
Crossover probability: 0.9
Mutation probability: 1.0
Pool proportion (to population size): 0.5
Mean fitness values of each generation
[0.60830453 0.42423524]
[0.53696467 0.38330461]
[0.51063087 0.36349015]
[0.48741859 0.34910801]
[0.46741196 0.33631797]
[0.44986557 0.32317994]
[0.43584195 0.30818179]
[0.42155741 0.29598553]
[0.40870804 0.28456699]
[0.39789236 0.27252633]
[0.38622356 0.26177148]
[0.37323707 0.25370432]
[0.36603358 0.24272051]
[0.35777928 0.23400787]
[0.35038339 0.22787912]
[0.34278368 0.22135878]
[0.33630503 0.21569867]
[0.33086049 0.21000565]
[0.32563246 0.20528015]
[0.3231526 0.1998959]
[0.31857555 0.19605566]
[0.31517035 0.19158997]
[0.30948425 0.18841256]
[0.30270415 0.18532676]
[0.2976872  0.18275478]
[0.29594023 0.1783386 ]
[0.2911342  0.17516786]
[0.28723716 0.1719294 ]
[0.28458281 0.16872202]
[0.28206679 0.16529296]
[0.27784212 0.16278243]
[0.27355558 0.1603745 ]
[0.26966382 0.15718709]
[0.26502239 0.15625572]
[0.26070089 0.15487538]
[0.25870123 0.15152158]
[0.25746231 0.14817105]
[0.2540346  0.14556853]
[0.24991355 0.14459602]
[0.24798993 0.14204921]
[0.24439123 0.14120216]
[0.24179053 0.14012418]
[0.2408275  0.13658136]
[0.23773003 0.13429669]
[0.23578221 0.13233395]
[0.23282772 0.12937131]
[0.23054387 0.12705216]
[0.22856269 0.1242691 ]
[0.22701493 0.12169844]
[0.22235896 0.12111615]
[0.22012394 0.1190795 ]
[0.21892494 0.11737502]
[0.21741058 0.1157661 ]
[0.21545619 0.11396556]
[0.21441261 0.11143114]
[0.21119903 0.11068564]
[0.20977206 0.10874092]
[0.20898459 0.10653285]
[0.20822982 0.10502982]
[0.20805218 0.10257194]
[0.2072621  0.10084376]
[0.20516307 0.10019892]
[0.20243339 0.09949843]
[0.20071062 0.09846746]
[0.20022454 0.09670719]
[0.19892428 0.09529775]
[0.19832406 0.0940876 ]
[0.19663143 0.09344389]
[0.19376105 0.09339443]
[0.19394016 0.0911487 ]
[0.19247981 0.09064483]
[0.19193487 0.08946532]
[0.18954875 0.08902895]
[0.18873977 0.08819206]
[0.18833171 0.08710912]
[0.18523964 0.08763818]
[0.18426025 0.08689124]
[0.18315531 0.08616467]
[0.18206298 0.08519781]
[0.18185345 0.08423605]
[0.18009847 0.08410849]
[0.17914256 0.0835127 ]
[0.17860741 0.08259936]
[0.17748391 0.08173335]
[0.17706409 0.08089125]
[0.17569721 0.08085608]
[0.17447783 0.08046251]
[0.1725634 0.0802708]
[0.17195391 0.07935024]
[0.17114602 0.07809345]
[0.17064233 0.07706249]
[0.17010733 0.07611572]
[0.16925756 0.07516928]
[0.16786031 0.07406919]
[0.16707155 0.07306027]
[0.16651523 0.0719762 ]
[0.16661089 0.07093133]
[0.16568677 0.07035238]
[0.16478139 0.07006464]
[0.16230137 0.06967776]
[0.16206036 0.06870483]
[0.16037872 0.06858892]
[0.15892537 0.06810293]
[0.15809508 0.06777987]
[0.15670933 0.06718498]
[0.15646826 0.06638429]
[0.15565934 0.0658366 ]
[0.15466047 0.06469765]
[0.15358892 0.06415539]
[0.15080248 0.06424877]
[0.14903433 0.06418609]
[0.1487391  0.06294399]
[0.14688539 0.06268856]
[0.14545683 0.06226012]
[0.1452359  0.06115935]
[0.14486814 0.06004263]
[0.14377166 0.0598958 ]
[0.14271951 0.05946557]
[0.14208622 0.05879123]
[0.14109607 0.05837084]
[0.13960213 0.05796301]
[0.13867496 0.05744788]
[0.13799219 0.05674526]
[0.13749767 0.05633829]
[0.13675041 0.05589382]
[0.13565559 0.05545941]
[0.13572927 0.05469837]
[0.13459337 0.05456137]
[0.13340469 0.05449368]
[0.13297467 0.05403271]
[0.13267046 0.05348177]
[0.13247257 0.05266705]
[0.13174647 0.05205847]
[0.13093791 0.05183473]
[0.13033753 0.05166194]
[0.13023246 0.05089577]
[0.12908519 0.05084552]
[0.12862277 0.05030489]
[0.12754017 0.05023539]
[0.1272257  0.04979139]
[0.12665653 0.04934529]
[0.12546649 0.04920264]
[0.12475187 0.04882011]
[0.12414172 0.04836536]
[0.12352032 0.04781446]
[0.12271005 0.04740772]
[0.12195301 0.04677268]
[0.12114218 0.04625459]
[0.12032117 0.04600641]
[0.11969996 0.045716  ]
[0.11857409 0.04572598]
[0.1177952  0.04537695]
[0.11681708 0.04528392]
[0.11619659 0.04476827]
[0.11569065 0.0443726 ]
[0.11493196 0.04425944]
[0.11429026 0.04384866]
[0.11367011 0.04367688]
[0.113417  0.0432163]
[0.11308102 0.04262316]
[0.11231265 0.04232306]
[0.11134433 0.04226165]
[0.11076411 0.04208408]
[0.11062732 0.0415067 ]
[0.1101953 0.0411996]
[0.11000583 0.04093802]
[0.10994238 0.04046084]
[0.10918348 0.04050753]
[0.10798345 0.04058125]
[0.10727864 0.04033509]
[0.1067842  0.03999969]
[0.10658421 0.03956829]
[0.10625647 0.03939939]
[0.10581395 0.03924384]
[0.10529821 0.03909998]
[0.1050873 0.0386846]
[0.10468703 0.03848709]
[0.10440267 0.0381845 ]
[0.1038128  0.03809672]
[0.10309753 0.03802606]
[0.10258266 0.03793243]
[0.1019829  0.03782184]
[0.10168825 0.03745511]
[0.10146777 0.03717382]
[0.1009726  0.03715027]
[0.10022533 0.03720279]
[0.09960414 0.03724757]
[0.0988884  0.03737075]
[0.09894098 0.03695781]
[0.09872019 0.03672135]
[0.09834169 0.03669177]
[0.09783582 0.03660439]
[0.09728927 0.03645134]
[0.09686886 0.03623191]
[0.09656316 0.03603135]
[0.09617351 0.03588461]
[0.09570962 0.03576103]
[0.09536271 0.03552586]
[0.09533093 0.03521101]
[0.09496219 0.03514129]
[0.09451985 0.03512277]



Individual 110
Population size: 800
Generations: 200
Seed: 29
Max features: 100
Crossover probability: 0.9
Mutation probability: 1.0
Pool proportion (to population size): 0.5
Mean fitness values of each generation
[0.64497565 0.41552143]
[0.57787338 0.36960099]
[0.54878693 0.34846647]
[0.52768233 0.33433095]
[0.5091012  0.32252659]
[0.4950972 0.3123756]
[0.4772474  0.30233929]
[0.46097336 0.29395119]
[0.44834522 0.28360456]
[0.43554971 0.27584881]
[0.42526996 0.26785417]
[0.41354852 0.26068135]
[0.40185982 0.2498879 ]
[0.39022171 0.24455714]
[0.37816645 0.23757341]
[0.37097556 0.23104246]
[0.3628557  0.22349702]
[0.35537458 0.218     ]
[0.34894712 0.21365714]
[0.34374379 0.20919643]
[0.33748218 0.20498492]
[0.33234964 0.20072421]
[0.32569276 0.19761488]
[0.31968489 0.19425417]
[0.31331131 0.19115159]
[0.30995047 0.18697302]
[0.30659943 0.18386627]
[0.30315618 0.17926944]
[0.29791159 0.17705496]
[0.29462492 0.17453651]
[0.29093661 0.17257956]
[0.28626044 0.170525  ]
[0.28157021 0.16880099]
[0.27910765 0.16590575]
[0.27541054 0.1626004 ]
[0.27138537 0.16131627]
[0.26796237 0.15913571]
[0.26613253 0.15719444]
[0.26376263 0.15473631]
[0.26067793 0.15277778]
[0.25933084 0.14956786]
[0.25669655 0.14847579]
[0.25539162 0.14574702]
[0.25325082 0.14460238]
[0.2523863 0.1424377]
[0.25143691 0.14068492]
[0.25000406 0.13924623]
[0.24925619 0.13740456]
[0.24681058 0.13681151]
[0.24508118 0.13601468]
[0.24440751 0.13483194]
[0.24402817 0.13305853]
[0.24241287 0.13229563]
[0.23989449 0.13179107]
[0.23935695 0.13058016]
[0.23853392 0.12877937]
[0.23651988 0.12815397]
[0.2351296  0.12665536]
[0.2337507  0.12552341]
[0.23308712 0.12444167]
[0.23168561 0.12247758]
[0.22985227 0.12235516]
[0.22938864 0.12151111]
[0.22661681 0.12140615]
[0.22460437 0.12165675]
[0.22362365 0.12109841]
[0.22341261 0.11976845]
[0.2221155  0.11918274]
[0.22116846 0.11798433]
[0.22041904 0.1160496 ]
[0.21908022 0.1148994 ]
[0.21817465 0.11329663]
[0.21602467 0.11333413]
[0.21460248 0.11224623]
[0.21264323 0.11202639]
[0.21096705 0.11133929]
[0.20951162 0.11032163]
[0.20828851 0.11001627]
[0.20687647 0.10912103]
[0.20571757 0.10818333]
[0.20516966 0.10661647]
[0.2052847  0.10492123]
[0.20529525 0.10341071]
[0.20325033 0.10308829]
[0.20155297 0.10286865]
[0.20120459 0.10153135]
[0.19912941 0.10109226]
[0.19901326 0.1000498 ]
[0.19720997 0.09971806]
[0.19616675 0.09873869]
[0.19732513 0.09696131]
[0.19758813 0.0952504 ]
[0.19652331 0.09465417]
[0.19417355 0.09435099]
[0.19274913 0.09369821]
[0.19098794 0.09369484]
[0.18953412 0.09324028]
[0.18948066 0.09142083]
[0.18878564 0.09058115]
[0.18671021 0.08984444]
[0.18633035 0.08844683]
[0.18599267 0.08677897]
[0.184116   0.08627143]
[0.1837889 0.085175 ]
[0.18294633 0.084175  ]
[0.18127088 0.08347024]
[0.18129214 0.08219504]
[0.18032198 0.08198869]
[0.17903592 0.08170317]
[0.17890936 0.08072897]
[0.17852992 0.08015575]
[0.17738207 0.07988889]
[0.17605446 0.07967817]
[0.17559068 0.07912421]
[0.17533779 0.07786905]
[0.17449434 0.07763869]
[0.1739145  0.07706944]
[0.17228145 0.0768369 ]
[0.17145971 0.07641032]
[0.17030067 0.07633254]
[0.16887882 0.07625913]
[0.16784587 0.07629722]
[0.16704535 0.07596111]
[0.16493826 0.07662302]
[0.16462167 0.07610873]
[0.1641576  0.07558036]
[0.16376807 0.07464544]
[0.16211472 0.07490595]
[0.16192542 0.07396944]
[0.16128303 0.07339861]
[0.16065105 0.07273294]
[0.15945054 0.07230337]
[0.15962994 0.07124127]
[0.1592822  0.07074861]
[0.15852412 0.0703498 ]
[0.15860859 0.06924881]
[0.15737664 0.06901944]
[0.15596495 0.06905595]
[0.15499533 0.06865694]
[0.15397337 0.06849048]
[0.15300451 0.06826528]
[0.15339403 0.06687321]
[0.15184509 0.06726746]
[0.15081336 0.0674381 ]
[0.14999214 0.06720635]
[0.1493174  0.06664226]
[0.14885368 0.06618433]
[0.14769451 0.06633373]
[0.14668379 0.06608413]
[0.145999   0.06600913]
[0.14513565 0.06608393]
[0.14407187 0.06614504]
[0.1433767 0.0657   ]
[0.14201794 0.06553075]
[0.14098534 0.06531607]
[0.14024793 0.06496627]
[0.1403736  0.06389544]
[0.13941558 0.06332857]
[0.13798355 0.06352381]
[0.13658253 0.06366369]
[0.13554014 0.06357679]
[0.13463446 0.0634004 ]
[0.1336128  0.06325536]
[0.13289626 0.06289762]
[0.13221195 0.06275774]
[0.13153753 0.06262857]
[0.13071619 0.06229147]
[0.13029446 0.06170873]
[0.12969416 0.06140893]
[0.12846233 0.06139226]
[0.12788277 0.06084841]
[0.12733527 0.06014008]
[0.12651407 0.05989683]
[0.12587149 0.05965139]
[0.12542881 0.05933472]
[0.12421795 0.0593125 ]
[0.1236077  0.05922421]
[0.12318696 0.05879325]
[0.12237592 0.05864782]
[0.12169152 0.05861151]
[0.12063836 0.058775  ]
[0.12001693 0.05866706]
[0.11956409 0.05811012]
[0.11931161 0.05778056]
[0.11897461 0.05747083]
[0.11850068 0.05745675]
[0.11813207 0.05680119]
[0.11733169 0.05668532]
[0.11658371 0.05651964]
[0.116394   0.05584901]
[0.11610985 0.05522758]
[0.11586781 0.05482044]
[0.11499432 0.05490655]
[0.11474139 0.05443492]
[0.11426768 0.05435536]
[0.11367789 0.05413532]
[0.11326693 0.05398651]
[0.11285596 0.05361746]
[0.11228728 0.05323234]
[0.11167681 0.05299821]
[0.11144497 0.05259841]



