0.71765439 0.46840317
0.65355338 0.42714074
0.61776577 0.40192751
0.59117206 0.38392434
0.57213774 0.36745661
0.55414886 0.35692593
0.53009879 0.34739153
0.51403171 0.33767143
0.49683834 0.32997196
0.47719158 0.32087513
0.46249615 0.31132011
0.44509201 0.30050106
0.42401044 0.29224868
0.40882512 0.28313704
0.39296398 0.27425079
0.38163464 0.26705026
0.37272288 0.26087884
0.36290776 0.25346455
0.35264573 0.24707619
0.34406306 0.24076455
0.33522947 0.23423704
0.32897132 0.22798413
0.32002669 0.22216561
0.31389162 0.21545714
0.31150904 0.21261323
0.30907498 0.20794656
0.30531393 0.20537725
0.30012315 0.20205979
0.29506677 0.20052593
0.29273563 0.19744444
0.28900334 0.19525185
0.2828557 0.19389735
0.27909526 0.19160952
0.27471434 0.18980476
0.27274697 0.18777672
0.26960423 0.18617937
0.26623247 0.1847545
0.26396096 0.1819873
0.2629775 0.17961217
0.25890475 0.17973862
0.25668601 0.17872381
0.25250373 0.17797513
0.25160801 0.17611111
0.24824204 0.17529312
0.24610782 0.17395873
0.24310539 0.1729164
0.23895214 0.17216349
0.23785727 0.1703582
0.23768607 0.16830899
0.23650797 0.16691693
0.23179294 0.16598677
0.23007988 0.16474656
0.22932128 0.16287513
0.22690399 0.16279788
0.22577882 0.16171958
0.22440399 0.1610164
0.22271932 0.16041958
0.22215722 0.15856455
0.22086459 0.15873122
0.22100228 0.1567127
0.22001917 0.15596296
0.21942809 0.1551418
0.21799643 0.1548254
0.21566631 0.1545619
0.21460032 0.15386984
0.21370141 0.1534619
0.21235399 0.15331746
0.2112311 0.15322011
0.20957554 0.15294815
0.20951915 0.15166032
0.20982642 0.14939683
0.20960279 0.1484455
0.2092651 0.14665132
0.20783294 0.14593016
0.20735581 0.14414656
0.20524961 0.14398413
0.20407147 0.14322222
0.20227454 0.14220053
0.20089823 0.14151746
0.19904643 0.14037566
0.19671775 0.1400582
0.19556729 0.13941058
0.19441759 0.13887302
0.1931256 0.13758148
0.19191772 0.13623228
0.19054244 0.13551746
0.18835153 0.13454127
0.18764963 0.13334392
0.1861322 0.13315926
0.18559676 0.13108571
0.18450131 0.12951376
0.18329299 0.12871217
0.18180727 0.12721958
0.17992705 0.12623439
0.17905656 0.12541534
0.17678354 0.12538413
0.17549309 0.12406085
0.17439863 0.12343122
0.17299591 0.12160423
0.17201407 0.12073915
0.1714807 0.11933862
0.16825431 0.11930212
0.1672999 0.11823862
0.16581268 0.11787143
0.1653069 0.11684815
0.16314571 0.11639577
0.16213448 0.11583598
0.16134806 0.11481429
0.15988833 0.11466296
0.1600009 0.11298148
0.15885127 0.11216931
0.15772847 0.11190794
0.1568584 0.11174127
0.15581967 0.11170476
0.15542626 0.11133545
0.15497736 0.11040159
0.15405111 0.1102709
0.15365801 0.1090963
0.15346077 0.10819894
0.15259058 0.10814339
0.15275871 0.10718836
0.15169181 0.10715344
0.15110242 0.10676243
0.15065357 0.1058455
0.15048589 0.10480159
0.14989654 0.10457566
0.14950371 0.10419683
0.14874401 0.10425556
0.14832259 0.10401217
0.14767674 0.10390053
0.14756426 0.10313545
0.14641292 0.10339524
0.14599185 0.10268783
0.14554298 0.10216402
0.14531846 0.10181323
0.1446162 0.1021455
0.14450417 0.10119841
0.14447542 0.10095767
0.14439106 0.10032328
0.14444745 0.09956455
0.14419552 0.09913386
0.14363344 0.09924497
0.14338055 0.09896772
0.14301541 0.09859788
0.14307133 0.09807778
0.14245384 0.09818942
0.14220155 0.09805873
0.14164079 0.09828095
0.14130437 0.09803757
0.14096829 0.09738677
0.14110891 0.09651799
