0.79059196 0.48318682
0.70785389 0.4310619
0.64066914 0.39028323
0.59322041 0.36357346
0.54503713 0.33579328
0.5051906 0.31321636
0.46658346 0.29560927
0.43310569 0.2824167
0.40718085 0.26898335
0.38240137 0.25743955
0.36691485 0.24622803
0.34648767 0.23825473
0.32396334 0.22884936
0.3107237 0.21660305
0.28874065 0.20459607
0.26598764 0.19629731
0.2559718 0.18786188
0.24683405 0.18210199
0.23664873 0.17865816
0.22658115 0.17495524
0.21963597 0.17128958
0.21194002 0.168753
0.20390045 0.16624549
0.19872047 0.16258992
0.19696563 0.15941228
0.19289296 0.1557762
0.19183486 0.15275467
0.18907822 0.15067299
0.18763897 0.1493955
0.18300763 0.1481453
0.17992079 0.14656672
0.17493742 0.14589617
0.17237859 0.14231796
0.16974371 0.14126615
0.16570535 0.14049454
0.16288286 0.13860435
0.16255657 0.13545308
0.16253497 0.13339764
0.15984842 0.13204399
0.15562678 0.1314973
0.15508911 0.12987865
0.15207508 0.12930583
0.1487992 0.12880355
0.14801287 0.12766236
0.14654424 0.126555
0.14478654 0.12591532
0.14388337 0.12376804
0.14566665 0.12122524
0.14215745 0.12119585
0.1390527 0.12021121
0.13750199 0.11905822
0.13354429 0.11930325
0.13080138 0.11928138
0.13023705 0.1177424
0.13021296 0.11662039
0.12784713 0.11633812
0.12663873 0.11627486
0.1269191 0.11547751
0.12663592 0.11386089
0.12485261 0.11392773
0.12454886 0.11252318
0.12503053 0.1109007
0.12560531 0.10987951
0.1268847 0.10820765
0.12594994 0.10801976
0.12583171 0.10715618
0.12633896 0.10671307
0.12430139 0.10684948
0.12438969 0.10596116
0.12441901 0.10530349
0.12201536 0.10561537
0.12147703 0.10506067
0.12187515 0.1048276
0.1206877 0.10485009
0.11997839 0.1040524
0.11933176 0.10416047
0.11823278 0.1035721
0.11426881 0.10440232
0.11299955 0.10414586
0.11246408 0.10385817
0.11215427 0.10273462
0.11026169 0.10312786
0.11103135 0.10282933
0.10981592 0.10230694
0.10749108 0.10296525
0.1086219 0.10092184
0.10633123 0.10160917
0.1060203 0.10111444
0.10565617 0.10113811
0.10495102 0.10020702
0.1045557 0.09895307
0.10316562 0.09873209
0.10285731 0.09817416
0.10254958 0.09804279
0.10028218 0.09873238
0.09787879 0.09913901
0.0977092 0.09838966
0.09565063 0.09888995
0.09503135 0.09883127
0.09494773 0.09823316
0.09528712 0.09735295
0.09438257 0.09750222
0.09350417 0.09792078
0.09274154 0.09769068
0.09260005 0.09707808
0.09127439 0.09752896
0.09090753 0.09762628
0.09008636 0.09794635
0.09062306 0.09664525
0.09087505 0.09549018
0.09144034 0.09470623
0.09149886 0.09390585
0.09186689 0.09318631
0.09090472 0.09329745
0.09113045 0.09214347
0.09030883 0.09134004
0.08784623 0.09153921
0.08620623 0.09189753
0.08558695 0.09140638
0.08406329 0.09207342
0.08459991 0.09125959
0.08468566 0.090716
0.0842618 0.09072109
0.08429035 0.08999747
0.08426204 0.0896037
0.08366983 0.08955647
0.0830499 0.08913951
0.08259893 0.08898975
0.08271243 0.08837723
0.08158284 0.08822241
0.08203618 0.08719254
0.08214924 0.08635816
0.08271369 0.08516558
0.08189246 0.08544356
0.0816664 0.08536589
0.08076169 0.08546372
0.08104535 0.08460824
0.0799151 0.08477808
0.0791541 0.08485165
0.0789569 0.08433229
0.07822263 0.08444505
0.07873239 0.0837811
0.07876151 0.0832587
0.07828469 0.0831836
0.07851266 0.08280729
0.07814538 0.082746
0.07800419 0.08255664
0.07744007 0.08250618
0.0773549 0.08224672
0.07735422 0.08195643
0.07738179 0.0817681
