0.72581881 0.47683685
0.66330708 0.43509061
0.63664156 0.41720884
0.6169748 0.40171683
0.59619106 0.38593573
0.57718494 0.37369792
0.56295428 0.36091942
0.54655653 0.34601824
0.52891945 0.33018999
0.51305082 0.32107385
0.49844204 0.30806372
0.48464714 0.29741073
0.47369743 0.28682957
0.45930631 0.27970068
0.44548375 0.27005211
0.43439965 0.2607456
0.42398399 0.25333318
0.41247877 0.24588928
0.4047055 0.23844295
0.39652098 0.23326745
0.38719999 0.22833376
0.38353721 0.22255922
0.37390303 0.21869217
0.36748198 0.2150667
0.36036539 0.21142421
0.35672094 0.20606288
0.35117856 0.20297464
0.34376062 0.20038958
0.33782968 0.19596445
0.33270179 0.19275384
0.32662626 0.19104661
0.3241282 0.18766086
0.31737587 0.18575544
0.31282099 0.18336433
0.30791911 0.18131596
0.30416263 0.17935622
0.30197357 0.17648027
0.29849618 0.17464523
0.29764391 0.17122149
0.2977888 0.16727722
0.29589336 0.16535862
0.29277225 0.16428394
0.29221897 0.16169664
0.289495 0.16016341
0.28638199 0.15949983
0.28360742 0.15878057
0.28288128 0.15619073
0.28070386 0.15543311
0.2788423 0.15463106
0.27429874 0.15451699
0.2742473 0.15191756
0.27313365 0.15097315
0.27221034 0.14909332
0.2682642 0.14933469
0.26795842 0.14763484
0.26641029 0.14649151
0.26444182 0.14542053
0.26274152 0.14407364
0.26216559 0.14232308
0.26060011 0.14079308
0.25734066 0.14037876
0.25647276 0.13918566
0.25433891 0.13858124
0.25339946 0.13728456
0.25396865 0.13592156
0.25211817 0.13597207
0.25090404 0.13510998
0.25062016 0.13334063
0.24947604 0.13251453
0.24757856 0.13224216
0.24689344 0.131331
0.24635553 0.13062084
0.24637185 0.1296297
0.24544697 0.12943382
0.24416863 0.1293287
0.24428127 0.12814426
0.24300224 0.12809949
0.24153724 0.12748975
0.24150228 0.12650934
0.24003906 0.1256285
0.23874695 0.1251992
0.23815813 0.12492836
0.23753563 0.12465213
0.23669707 0.12390224
0.23669718 0.12300911
0.2356871 0.12292285
0.23466043 0.12235795
0.23383686 0.12190235
0.23368809 0.12120468
0.23412912 0.12042511
0.23433041 0.11973513
0.23331948 0.11947717
0.23275004 0.119009
0.23271737 0.1181467
0.23172591 0.11793413
0.23120231 0.11760098
0.23091406 0.11669582
0.23007235 0.11646545
0.2292317 0.11635435
0.22933258 0.11526808
0.22840854 0.11501876
