0.72222317 0.46848317
0.65918297 0.42563619
0.62121618 0.40198413
0.59136787 0.38242222
0.56943423 0.36755016
0.55019418 0.35445587
0.52981923 0.34204349
0.50994623 0.33141333
0.49405021 0.32046921
0.47664104 0.3083927
0.46078027 0.2985654
0.4434673 0.2906781
0.42620975 0.28045524
0.41225303 0.27333683
0.39903906 0.26777556
0.38879614 0.25934444
0.37730305 0.25480571
0.36855701 0.24949778
0.36130493 0.24461873
0.35315174 0.23863651
0.34226077 0.23541524
0.33688289 0.22912667
0.33111176 0.22416952
0.32540531 0.21965492
0.31888764 0.21718952
0.31125938 0.21435905
0.30579307 0.21166317
0.30033296 0.20894698
0.29566794 0.20640603
0.29260754 0.20240635
0.2895777 0.19979556
0.28595775 0.19654254
0.28296402 0.19376286
0.28272764 0.19000984
0.27866792 0.18905587
0.27406916 0.18683333
0.27213099 0.18437333
0.27145873 0.18176317
0.26895203 0.17926
0.26719955 0.17689143
0.26369665 0.1760654
0.2625346 0.17393683
0.2611691 0.1721381
0.2569216 0.17124825
0.2532805 0.17085175
0.25147469 0.16914095
0.24982298 0.1687219
0.24859066 0.16770381
0.24592758 0.16633778
0.24259144 0.1654981
0.24090736 0.16441587
0.24031844 0.16245714
0.23863248 0.16098444
0.2374193 0.15906413
0.23637467 0.15798571
0.23610534 0.15628317
0.23501064 0.15470222
0.23433742 0.15381206
0.23248567 0.15292984
0.22943559 0.15322381
0.2281577 0.1526273
0.2267601 0.15138794
0.22644036 0.14961968
0.22563187 0.14817905
0.22381393 0.14700127
0.22287118 0.14608508
0.21939705 0.14614603
0.21848614 0.14537175
0.21818349 0.14376127
0.217778 0.1421546
0.21698442 0.14079841
0.21595585 0.13984317
0.21368261 0.13916222
0.21149205 0.13855206
0.20926611 0.13865238
0.20791778 0.13796159
0.20661988 0.13701365
0.20614819 0.13627429
0.20618071 0.13458063
0.20545442 0.13378286
0.20430646 0.13299429
0.20243425 0.13248952
0.20164205 0.13153206
0.19914628 0.13128952
0.19852225 0.13037016
0.19656729 0.1300746
0.19500024 0.1294854
0.19368552 0.12914635
0.19252329 0.12889492
0.19051854 0.12839619
0.18970902 0.12730476
0.18822543 0.1270381
0.1860848 0.12650127
0.1845686 0.12609778
0.18290047 0.12542032
0.18175482 0.12457365
0.17985023 0.12495841
0.17951311 0.12432
0.1781807 0.12403524
0.17762385 0.12372254
0.17694813 0.12294603
