0.79269481 0.48577591
0.70169222 0.43160419
0.64034077 0.39039373
0.59846685 0.36512859
0.56434398 0.34032711
0.52612264 0.3206799
0.48176252 0.30235062
0.44799866 0.2853917
0.41947728 0.27185013
0.39196361 0.25705435
0.37461231 0.24343176
0.35124607 0.23232469
0.32897813 0.22353989
0.31785473 0.21435629
0.30142168 0.20695802
0.28548789 0.19964223
0.27277596 0.19535315
0.26310908 0.18964903
0.25163713 0.1850294
0.24252678 0.17985045
0.23535488 0.17385729
0.22742814 0.17103158
0.22056267 0.16814984
0.21260202 0.1662319
0.20912549 0.16163579
0.20375712 0.15773988
0.19741678 0.15593322
0.19227693 0.15419705
0.18919682 0.15212708
0.18524 0.14993665
0.18186983 0.14762584
0.1778946 0.14641806
0.17557781 0.14495993
0.17400566 0.1420739
0.17244567 0.14035007
0.17052912 0.13796861
0.16700958 0.13707494
0.16625538 0.13493328
0.16420709 0.13399239
0.16209361 0.13236134
0.16077407 0.13033479
0.15889394 0.12970935
0.15575894 0.12953184
0.15620655 0.12669664
0.15330811 0.12572982
0.1531906 0.12332841
0.15228356 0.12167308
0.15198164 0.12072157
0.15148834 0.11901501
0.15058805 0.11756866
0.14819673 0.11725702
0.14610016 0.1160013
0.14583065 0.11437683
0.14202639 0.11418933
0.13938914 0.11406279
0.13827444 0.11310911
0.13793248 0.11189148
0.13588574 0.11155884
0.13395626 0.11066964
0.13207588 0.10987086
0.13019851 0.1097735
0.12980517 0.1086348
0.12983675 0.1075894
0.12714857 0.10779949
0.12696194 0.10722764
0.12674363 0.10622764
0.12647048 0.1055442
0.12533252 0.10519733
0.12294902 0.1055174
0.12244573 0.10490994
0.12220801 0.10462393
0.12085544 0.10473272
0.11862503 0.10477943
0.11701798 0.1050263
0.11602123 0.10444312
0.11456632 0.10453453
0.11367078 0.10454931
0.1126044 0.10440087
0.11234802 0.10360557
0.11121233 0.10338224
0.11100711 0.10290084
0.11031196 0.10254356
0.1107379 0.1015506
0.1105679 0.10128226
0.10989097 0.10132647
0.10987137 0.10089941
0.10977057 0.10017895
0.10944601 0.10000408
0.10871794 0.09962366
0.10807594 0.09966698
0.10748181 0.09965869
0.10766942 0.09946509
0.10746702 0.09910814
0.10689159 0.09904547
0.10763886 0.09773815
0.10701119 0.09750131
0.10581139 0.09782785
0.10530413 0.09754215
0.10454422 0.09719815
0.10466257 0.09689759
0.10396878 0.09650263
