Fitness metrics: KappaLoss, CrossValidationLoss

Individual 110
Population size: 800
Generations: 200
Seed: 111
Max features: 50
Crossover probability: 0.9
Mutation probability: 1.0
Pool proportion (to population size): 0.5
Mean fitness values of each generation
[0.70697444 0.45880893]
[0.63431737 0.4096869 ]
[0.60118048 0.38726726]
[0.56817083 0.36900853]
[0.54417029 0.35202996]
[0.52336806 0.33888373]
[0.50414451 0.32680417]
[0.48332493 0.31733333]
[0.46632253 0.30681329]
[0.45038825 0.2950502 ]
[0.43580732 0.28506012]
[0.42418821 0.27846964]
[0.41610391 0.27033492]
[0.40636119 0.26259921]
[0.39644662 0.25692917]
[0.38730021 0.25071032]
[0.37829432 0.24613075]
[0.37075652 0.24036171]
[0.36303069 0.23618472]
[0.35320724 0.23115317]
[0.34406496 0.2281631 ]
[0.33527332 0.22657599]
[0.33080968 0.22050099]
[0.32491255 0.21709147]
[0.32008902 0.21363552]
[0.31454035 0.21099484]
[0.30975117 0.20620496]
[0.3042364  0.20482321]
[0.30290737 0.20052599]
[0.29768349 0.19868115]
[0.29283794 0.19663214]
[0.28922198 0.19462996]
[0.28632781 0.19173472]
[0.28368166 0.1881881 ]
[0.28161029 0.18465556]
[0.27807032 0.18305218]
[0.27524842 0.18006964]
[0.27078021 0.17901627]
[0.26946296 0.17580694]
[0.26826263 0.17343413]
[0.26441771 0.17146766]
[0.26206918 0.16922143]
[0.26002475 0.16635774]
[0.25840407 0.1644754 ]
[0.25844677 0.16074405]
[0.25569655 0.15987579]
[0.25136786 0.15899921]
[0.24878709 0.15857163]
[0.24547098 0.15780992]
[0.24381983 0.15542302]
[0.24235775 0.15374008]
[0.24034472 0.15285337]
[0.23992523 0.15092282]
[0.23818717 0.14960913]
[0.23674518 0.14810913]
[0.23595478 0.14738909]
[0.2355652  0.14615357]
[0.2348175  0.14465556]
[0.23284698 0.14435337]
[0.23204514 0.14332619]
[0.23073992 0.14231766]
[0.22883286 0.14186607]
[0.22923242 0.14037599]
[0.22720838 0.14016468]
[0.22604935 0.1392879 ]
[0.22621866 0.13767937]
[0.22512213 0.13725139]
[0.22377198 0.13667143]
[0.22240226 0.13609623]
[0.22216003 0.13539425]
[0.21985292 0.13549286]
[0.21899021 0.13490099]
[0.21960145 0.13338988]
[0.21872581 0.13251746]
[0.21780974 0.13162679]
[0.2159425  0.13109544]
[0.21453208 0.13059782]
[0.21295097 0.1303502 ]
[0.21237083 0.12966171]
[0.20961087 0.13014405]
[0.20815702 0.12967202]
[0.20791284 0.12859206]
[0.2076803  0.12729742]
[0.20654222 0.12743651]
[0.20619481 0.12672798]
[0.20560511 0.1262625 ]
[0.20486733 0.12586587]
[0.20450777 0.1252246 ]
[0.20382325 0.12466627]
[0.2031164  0.12458155]
[0.20225321 0.12475694]
[0.20171509 0.12454107]
[0.20119851 0.12388175]
[0.20073642 0.12262044]
[0.20014703 0.12254861]
[0.19825038 0.12272321]
[0.19765072 0.12190575]
[0.19674478 0.12142063]
[0.1946689  0.12114048]
[0.19530099 0.1194125 ]
[0.19494237 0.1189873 ]
[0.1932458  0.11870377]
[0.19312909 0.1181506 ]
[0.19206507 0.11797083]
[0.19163252 0.11733353]
[0.19092765 0.1165494 ]
[0.19137005 0.11487183]
[0.19081164 0.11415476]
[0.19024271 0.11323611]
[0.18850482 0.11342798]
[0.18780901 0.11222857]
[0.18805106 0.11073552]
[0.18758785 0.1104369 ]
[0.18706061 0.10983234]
[0.18717702 0.10900516]
[0.18505951 0.10920595]
[0.18457412 0.10882917]
[0.18359398 0.1083002 ]
[0.1835414  0.10753452]
[0.18346803 0.10678056]
[0.18396326 0.10563909]
[0.18424755 0.10475913]
[0.18343646 0.10455575]
[0.1823716  0.10435536]
[0.1814655  0.10399563]
[0.18161252 0.10319226]
[0.18165394 0.10212738]
[0.18176021 0.10149246]
[0.18081179 0.10067996]
[0.18012714 0.10042302]
[0.17872583 0.10017996]
[0.17883116 0.09945516]
[0.17749235 0.09962837]
[0.17802958 0.09832679]
[0.17708183 0.09795873]
[0.17613386 0.09763333]
[0.17606044 0.09668452]
[0.17645024 0.09555655]
[0.17561778 0.09515357]
[0.17452174 0.09516032]
[0.17365751 0.09506964]
[0.17305712 0.09490357]
[0.17308795 0.09446131]
[0.17313013 0.09376369]
[0.17230804 0.09334742]
[0.17161195 0.09300714]
[0.17067401 0.09301448]
[0.16966279 0.09298016]
[0.16892499 0.09306052]
[0.16935711 0.09237599]
[0.16962076 0.09167321]
[0.16932603 0.0912873 ]
[0.16892595 0.09103194]
[0.16906246 0.09068433]
[0.16795589 0.09041905]
[0.16698599 0.09053056]
[0.16656442 0.09027599]
[0.16577451 0.08967123]
[0.16513161 0.08998214]
[0.16509993 0.08947361]
[0.16531039 0.08905476]
[0.16438243 0.0892129 ]
[0.16372934 0.08857123]
[0.16329748 0.08833214]
[0.16274994 0.08768313]
[0.16255018 0.08719663]
[0.16238175 0.0867248 ]
[0.16275078 0.08559127]
[0.16270789 0.08496726]
[0.16173852 0.08498333]
[0.16030568 0.08520556]
[0.16024231 0.08487302]
[0.16011606 0.08460198]
[0.15948317 0.08460714]
[0.15843002 0.08461032]
[0.15802965 0.08439841]
[0.15837761 0.08369742]
[0.15811429 0.08328869]
[0.15819881 0.08279603]
[0.157841   0.08265933]
[0.15706117 0.08261806]
[0.1562287  0.08254762]
[0.15499614 0.08282063]
[0.15551263 0.0817996 ]
[0.1550384  0.08159127]
[0.1548271  0.08130536]
[0.15456283 0.08116825]
[0.1539833  0.08112083]
[0.15366698 0.0806629 ]
[0.15348828 0.0805623 ]
[0.15271899 0.08054147]
[0.1521298  0.08064286]
[0.15185652 0.08014325]
[0.15146689 0.07979742]
[0.15198344 0.07865198]
[0.1521309  0.07801349]
[0.15207817 0.07699147]
[0.15111927 0.07721806]
[0.15039236 0.07719127]
[0.14933887 0.0773506 ]
[0.1484751  0.07749762]



