Fitness metrics: KappaLoss, CrossValidationLoss

Individual 104
Population size: 300
Generations: 150
Seed: 29
Max features: 50
Crossover probability: 0.9
Mutation probability: 1.0
Pool proportion (to population size): 0.5
Mean fitness values of each generation
[0.79059196 0.48318682]
[0.71172712 0.43273259]
[0.65359163 0.39841237]
[0.60486937 0.36837979]
[0.56467945 0.34721659]
[0.53222251 0.32878872]
[0.50592586 0.31187955]
[0.47329171 0.3001555 ]
[0.4471902  0.28839468]
[0.4225546  0.27672617]
[0.40453779 0.26663559]
[0.38856571 0.25435051]
[0.36963446 0.24584769]
[0.35487043 0.23953735]
[0.33375683 0.23496406]
[0.31976263 0.22987028]
[0.3071805  0.22334562]
[0.29918013 0.21478749]
[0.28586192 0.21095162]
[0.27914654 0.20551672]
[0.26251224 0.20167565]
[0.25362254 0.19519109]
[0.24576532 0.19035424]
[0.23749671 0.18567655]
[0.23143302 0.1827605 ]
[0.22756569 0.18137731]
[0.22357319 0.17984326]
[0.22029703 0.1788693 ]
[0.21565844 0.17809023]
[0.21688993 0.17541167]
[0.21613789 0.17354489]
[0.21801122 0.1701248 ]
[0.21593153 0.16937021]
[0.2148392  0.16756102]
[0.21056489 0.16773565]
[0.20993933 0.16636956]
[0.21017207 0.16467439]
[0.2113119  0.16170295]
[0.21095465 0.15899069]
[0.20989224 0.15785099]
[0.20980554 0.15566994]
[0.2140434  0.15070931]
[0.21383663 0.1489838 ]
[0.21539456 0.14597279]
[0.21409097 0.14415282]
[0.21166338 0.14361091]
[0.21182566 0.14006474]
[0.20385518 0.14157675]
[0.20181019 0.14094096]
[0.20115547 0.13847844]
[0.1984465  0.13775546]
[0.19905585 0.13494782]
[0.19656365 0.13471966]
[0.19656391 0.1334983 ]
[0.19912399 0.13127938]
[0.19764924 0.13044476]
[0.19510232 0.12931441]
[0.19435812 0.12931114]
[0.1947547  0.12852667]
[0.19336797 0.12793671]
[0.18910819 0.12808952]
[0.1883822  0.12716452]
[0.18936438 0.1256811 ]
[0.19290045 0.12446059]
[0.19365668 0.12269455]
[0.19260959 0.12219049]
[0.1895872  0.12206534]
[0.1894453  0.12166129]
[0.18845451 0.12179665]
[0.18716021 0.12073496]
[0.18489635 0.12078082]
[0.18353772 0.1204597 ]
[0.17980524 0.12086082]
[0.18016883 0.11940835]
[0.18005295 0.11910479]
[0.17609386 0.11998797]
[0.17835794 0.11927127]
[0.18036522 0.11825999]
[0.18259983 0.11739002]
[0.17909654 0.11750177]
[0.17780125 0.11757546]
[0.17960502 0.11667353]
[0.18039991 0.11669208]
[0.17907629 0.11624702]
[0.17469583 0.11758949]
[0.17546173 0.1169869 ]
[0.17260716 0.11785936]
[0.17190434 0.11773688]
[0.17309084 0.11674772]
[0.1687722  0.11700573]
[0.16927706 0.11660902]
[0.16752851 0.11742134]
[0.16791932 0.11682597]
[0.16904277 0.11608846]
[0.16760266 0.11626113]
[0.16844693 0.11556478]
[0.1659135  0.11653734]
[0.1645301 0.1164582]
[0.16329318 0.11724635]
[0.16094786 0.1180906 ]
[0.16066949 0.11861253]
[0.16123695 0.11787196]
[0.16141559 0.11768769]
[0.15808845 0.11804294]
[0.15876562 0.11674683]
[0.15684446 0.11757352]
[0.15467987 0.11796156]
[0.15272745 0.11780874]
[0.15306808 0.11798882]
[0.1567099  0.11580632]
[0.15482368 0.11594713]
[0.15244694 0.11618599]
[0.15123673 0.11725706]
[0.15081415 0.11751755]
[0.14855435 0.11813832]
[0.14699973 0.11856609]
[0.14431679 0.1194093 ]
[0.14487521 0.11853681]
[0.14450816 0.11863258]
[0.14426204 0.11889966]
[0.14389547 0.11797894]
[0.14217834 0.11826421]
[0.14198028 0.11763659]
[0.14155592 0.11747034]
[0.14257422 0.11664575]
[0.13957855 0.11746266]
[0.1406208  0.11598098]
[0.14053608 0.11585029]
[0.14030735 0.11560696]
[0.1381384  0.11678355]
[0.13867431 0.11549671]
[0.13766068 0.11612889]
[0.13850984 0.11595262]
[0.13901392 0.11498693]
[0.1405063  0.11348689]
[0.1401723  0.11353991]
[0.14084888 0.11280947]
[0.14081942 0.11252821]
[0.14002774 0.11238201]
[0.13932407 0.11234492]
[0.1404304  0.11167709]
[0.1415081  0.11141663]
[0.14170507 0.11128534]
[0.14183959 0.11003898]
[0.14102189 0.11083524]
[0.14257369 0.10997649]
[0.14150088 0.11035844]
[0.14302305 0.10895418]
[0.14497338 0.10880978]
[0.14418773 0.10928215]
[0.14351604 0.10933159]



Individual 107
Population size: 300
Generations: 150
Seed: 29
Max features: 50
Crossover probability: 0.9
Mutation probability: 1.0
Pool proportion (to population size): 0.5
Mean fitness values of each generation
[0.72055636 0.47601443]
[0.65883871 0.43744054]
[0.62586427 0.41505052]
[0.59959869 0.39774386]
[0.57884459 0.38043732]
[0.5594607  0.36797252]
[0.54714637 0.35545082]
[0.53464241 0.34793379]
[0.52606062 0.33962515]
[0.51683799 0.33303165]
[0.50604125 0.32640492]
[0.4947396  0.31884809]
[0.4846569  0.31173415]
[0.47111743 0.30692428]
[0.46314146 0.29785471]
[0.4517643  0.29234909]
[0.44318885 0.28697077]
[0.43712846 0.27741868]
[0.42936569 0.27378181]
[0.42565879 0.26515847]
[0.41890831 0.26048519]
[0.41182512 0.25509401]
[0.40906646 0.24861692]
[0.4053405  0.24340013]
[0.40200259 0.23645706]
[0.39750259 0.2344101 ]
[0.39460837 0.23071423]
[0.39210785 0.22715465]
[0.38649921 0.22646863]
[0.38223334 0.22505029]
[0.37872447 0.2235546 ]
[0.373234   0.22271963]
[0.37059042 0.22094489]
[0.3668715  0.21892503]
[0.36310713 0.21707385]
[0.36102709 0.21557884]
[0.35841246 0.21312272]
[0.35090864 0.21387425]
[0.34647607 0.21168393]
[0.34508362 0.20707865]
[0.34039748 0.20384208]
[0.3368128  0.20050303]
[0.33474623 0.19578347]
[0.33312241 0.19236687]
[0.33082294 0.19036936]
[0.32844203 0.18724756]
[0.32826855 0.18467426]
[0.32778951 0.18221682]
[0.32538671 0.18060448]
[0.32479005 0.1775475 ]
[0.32151632 0.17695028]
[0.32137437 0.17345842]
[0.31779281 0.17395157]
[0.31837846 0.1723155 ]
[0.31621949 0.17160347]
[0.31488177 0.16987016]
[0.31312272 0.1697868 ]
[0.31253512 0.16779522]
[0.31261948 0.16665628]
[0.31177623 0.1665435 ]
[0.30914432 0.16648325]
[0.30964836 0.16434111]
[0.30808494 0.16332487]
[0.30383598 0.16356486]
[0.3031354  0.16229861]
[0.30171009 0.16193199]
[0.30093192 0.16111038]
[0.29869938 0.16075295]
[0.29492497 0.16133985]
[0.29579184 0.15961623]
[0.29665814 0.15804263]
[0.29691462 0.15654689]
[0.29386821 0.15675753]
[0.29319114 0.15631461]
[0.29231611 0.15627033]
[0.29139341 0.15614   ]
[0.29064116 0.1557907 ]
[0.28937891 0.15569346]
[0.28917641 0.15530576]
[0.28934352 0.1545016 ]
[0.28853197 0.15411034]
[0.28701327 0.15477901]
[0.28522271 0.15501168]
[0.2848027  0.15507643]
[0.28421499 0.1546533 ]
[0.28337043 0.15450097]
[0.2819704  0.15493754]
[0.28109771 0.15474492]
[0.27880242 0.15585601]
[0.27933338 0.15483797]
[0.2786649  0.15469957]
[0.27925114 0.15356295]
[0.27950559 0.15285686]
[0.2800918 0.1519236]
[0.27953644 0.15177942]
[0.27884144 0.15190593]
[0.27811426 0.15207735]
[0.27623217 0.15320799]
[0.27609681 0.15279904]
[0.27408045 0.15352907]
[0.27455748 0.15278168]
[0.27422169 0.15282853]
[0.27327085 0.15325633]
[0.27355287 0.15283463]
[0.27397429 0.15222417]
[0.27428259 0.15087134]
[0.2745879  0.15032308]
[0.2742295  0.14976395]
[0.2738972  0.14985507]
[0.27317055 0.14928938]
[0.27096187 0.14964519]
[0.27104806 0.14907267]
[0.27141346 0.14845228]
[0.27181151 0.14756898]
[0.27310571 0.14542033]
[0.27313708 0.14409279]
[0.27262892 0.14431875]
[0.27257546 0.14325207]
[0.2720213 0.1433035]
[0.27070867 0.14360103]
[0.26998304 0.14352751]
[0.26822321 0.14367984]
[0.26803239 0.142743  ]
[0.26915878 0.14038172]
[0.26924473 0.13948443]
[0.26896801 0.13913582]
[0.26644297 0.13954053]
[0.26641812 0.13864357]
[0.26602669 0.13876404]
[0.26451271 0.13957284]
[0.26515598 0.13856534]
[0.26352851 0.13897992]
[0.26151185 0.13975837]
[0.26179878 0.13847486]
[0.26274511 0.13726614]
[0.26181809 0.13763645]
[0.26117083 0.13729465]
[0.26063695 0.13724886]
[0.26041527 0.13668211]
[0.25906629 0.13771377]
[0.25771376 0.13774127]
[0.25499196 0.13865262]
[0.25311317 0.13965719]
[0.25316976 0.1391332 ]
[0.25356208 0.13849288]
[0.25339397 0.1380274 ]
[0.25403657 0.13708949]
[0.2528302 0.1366746]
[0.25302219 0.13625567]
[0.25206953 0.13662119]
[0.25125486 0.1362901 ]



Individual 110
Population size: 300
Generations: 150
Seed: 29
Max features: 50
Crossover probability: 0.9
Mutation probability: 1.0
Pool proportion (to population size): 0.5
Mean fitness values of each generation
[0.71765439 0.46840317]
[0.66311283 0.4314963 ]
[0.61654484 0.40570688]
[0.58740908 0.38477566]
[0.56209201 0.36824074]
[0.54082819 0.35493228]
[0.52615496 0.3404545 ]
[0.50379864 0.3306672 ]
[0.49013567 0.32052804]
[0.47436712 0.31390794]
[0.45897972 0.30641534]
[0.44162732 0.29903016]
[0.43268081 0.29063862]
[0.42410899 0.28296243]
[0.41289037 0.27681958]
[0.39939081 0.27196931]
[0.39021657 0.26845397]
[0.37880533 0.26517672]
[0.37009281 0.26095661]
[0.36092008 0.25744921]
[0.35289143 0.25283228]
[0.34640875 0.25005079]
[0.33987835 0.24684497]
[0.32944645 0.24486825]
[0.32037329 0.24063704]
[0.31502277 0.23802593]
[0.30660466 0.23609365]
[0.30276838 0.23217778]
[0.29731509 0.22783651]
[0.28799677 0.22559365]
[0.28480039 0.2217582 ]
[0.2802619  0.21989788]
[0.27260815 0.21947619]
[0.27014927 0.21598519]
[0.26473956 0.2145545 ]
[0.2585088  0.21348254]
[0.25231052 0.21156772]
[0.24894096 0.20962381]
[0.24571533 0.20763545]
[0.24125758 0.20632275]
[0.23962988 0.2041672 ]
[0.23760969 0.20259894]
[0.23623277 0.20100317]
[0.23395746 0.20003598]
[0.23280091 0.19793386]
[0.22990573 0.19733704]
[0.22731882 0.19719259]
[0.22557825 0.19525873]
[0.22330248 0.19480476]
[0.22161836 0.19321323]
[0.22001733 0.19174021]
[0.21928959 0.18899577]
[0.2165637 0.1891545]
[0.21577703 0.18847937]
[0.21513249 0.18667143]
[0.21381091 0.18598095]
[0.21383945 0.18383704]
[0.21201331 0.18302275]
[0.21089085 0.18170741]
[0.20959921 0.18038677]
[0.20819476 0.18055185]
[0.20740843 0.17943016]
[0.20636935 0.17904921]
[0.20541336 0.17954074]
[0.20406609 0.17978836]
[0.20386982 0.17772222]
[0.2033086  0.17680794]
[0.20254919 0.17766349]
[0.202802   0.17529153]
[0.20212631 0.17552487]
[0.2018176  0.17437143]
[0.20072175 0.1744328 ]
[0.19979519 0.17386772]
[0.19746219 0.17615503]
[0.19664937 0.17565026]
[0.19633972 0.1750291 ]
[0.1953282  0.17553862]
[0.19552577 0.17276614]
[0.19400758 0.17420952]
[0.19268664 0.17528466]
[0.1917596  0.17606243]
[0.19094359 0.17682487]
[0.19029681 0.17678783]
[0.19010098 0.17573492]
[0.18939826 0.17634339]
[0.18939848 0.17547249]
[0.18922998 0.17469683]
[0.18875279 0.17498519]
[0.18782668 0.17503862]
[0.18780031 0.17420899]
[0.18693066 0.17422381]
[0.18619987 0.17407037]
[0.18631229 0.17393757]
[0.18558184 0.17386138]
[0.18606052 0.17235556]
[0.18600474 0.17218677]
[0.18563952 0.17184497]
[0.18555558 0.17075238]
[0.18527508 0.16966984]
[0.1854998  0.16900476]
[0.18462907 0.1693418 ]
[0.18448932 0.1686418 ]
[0.18474243 0.16790635]
[0.18457426 0.16738042]
[0.18471485 0.16646772]
[0.18451819 0.16642751]
[0.18460217 0.1657836 ]
[0.18477129 0.16514392]
[0.18395576 0.16575291]
[0.18350584 0.16579206]
[0.18316842 0.16575291]
[0.18294372 0.16594392]
[0.18288781 0.16570106]
[0.18274779 0.16577884]
[0.18252288 0.16617513]
[0.18204512 0.16676349]
[0.18238246 0.16600794]
[0.18263575 0.16542646]
[0.18232669 0.16525661]
[0.18280538 0.16467302]
[0.18229918 0.16484392]
[0.18227094 0.16485132]
[0.18218658 0.16477937]
[0.1819056  0.16468571]
[0.18173701 0.16486032]
[0.18235583 0.16357831]
[0.183396   0.16205185]
[0.18390179 0.1613545 ]
[0.1840425  0.16105185]
[0.18404294 0.16060212]
[0.18418444 0.16015079]
[0.18443824 0.1596037 ]
[0.1839884  0.15964339]
[0.18415724 0.15918254]
[0.18429812 0.15886243]
[0.18452306 0.15837143]
[0.18393277 0.15833492]
[0.18393273 0.15832063]
[0.18404493 0.15824815]
[0.183848   0.15838201]
[0.18359523 0.15829206]
[0.1829767  0.15838783]
[0.18351149 0.15788836]
[0.1831179  0.15792857]
[0.18272369 0.15835714]
[0.18272381 0.15823069]
[0.1820756  0.15807937]
[0.18148488 0.15844603]
[0.18125982 0.15852593]
[0.18120432 0.15839259]
[0.18165404 0.15766561]



