Fitness metrics: KappaLoss, CrossValidationLoss

Individual 104
Population size: 300
Generations: 150
Seed: 29
Max features: 50
Crossover probability: 0.9
Mutation probability: 1.0
Pool proportion (to population size): 0.5
Mean fitness values of each generation
[0.79059196 0.48318682]
[0.70509748 0.43064416]
[0.64886388 0.39282681]
[0.60323562 0.36842215]
[0.56003644 0.34472284]
[0.52343683 0.32082771]
[0.48357186 0.30397234]
[0.45201591 0.28656695]
[0.42224624 0.27330153]
[0.39677916 0.25869734]
[0.37563955 0.24296496]
[0.35998555 0.23406215]
[0.34788911 0.22584911]
[0.33769704 0.22109961]
[0.32828589 0.2161281 ]
[0.32190918 0.21135218]
[0.3097197  0.20861071]
[0.30196021 0.2015407 ]
[0.29394374 0.19540285]
[0.28954677 0.19091547]
[0.27958814 0.18731559]
[0.2730947  0.18078224]
[0.25718475 0.17861653]
[0.24855913 0.17318889]
[0.2409309  0.16841231]
[0.23100039 0.16366514]
[0.22222057 0.16020156]
[0.21972662 0.15484775]
[0.20737744 0.15492638]
[0.19895139 0.15406291]
[0.19239075 0.15175215]
[0.1882887  0.14929953]
[0.18603487 0.14790227]
[0.18231848 0.14521088]
[0.1792022 0.1443133]
[0.17901706 0.14211552]
[0.17571307 0.14165521]
[0.17446481 0.14128621]
[0.17464117 0.13957662]
[0.17215048 0.13878793]
[0.16687215 0.14039448]
[0.16273941 0.14047716]
[0.16153138 0.13947619]
[0.16141742 0.13761842]
[0.15971968 0.13715014]
[0.15906909 0.13558766]
[0.16008553 0.13446186]
[0.1560795  0.13433416]
[0.15363842 0.13464041]
[0.15263017 0.13464815]
[0.15239331 0.13302186]
[0.14985481 0.13252287]
[0.15208655 0.12956707]
[0.15519821 0.12751213]
[0.15401076 0.12638383]
[0.15542617 0.12529209]
[0.15220779 0.12547739]
[0.15517092 0.12345849]
[0.15280039 0.12271057]
[0.15047354 0.12291347]
[0.15028608 0.12175577]
[0.14715892 0.1217533 ]
[0.14305121 0.12231226]
[0.14094542 0.12292996]
[0.14086552 0.1223322 ]
[0.1404203  0.12197233]
[0.13861779 0.12200469]
[0.13969427 0.12044685]
[0.1394384  0.11951464]
[0.13701442 0.11998966]
[0.13857223 0.11834962]
[0.13820743 0.11820189]
[0.13959248 0.11712345]
[0.13903101 0.11694127]
[0.14388794 0.11379372]
[0.14258434 0.11323152]
[0.14396281 0.11257151]
[0.14279781 0.11249728]
[0.14212025 0.11192084]
[0.14234313 0.11129236]
[0.14087596 0.11124961]
[0.13890212 0.11179605]
[0.13396691 0.11283539]
[0.13402081 0.11239059]
[0.13481096 0.11192478]
[0.13410816 0.11198547]
[0.12956406 0.11326106]
[0.12891539 0.11289765]
[0.12643307 0.11390232]
[0.12628776 0.11432126]
[0.12456649 0.11418589]
[0.12521494 0.11343591]
[0.12727209 0.11209904]
[0.12455891 0.1126683 ]
[0.12608714 0.11123133]
[0.12850887 0.10910911]
[0.12882105 0.10804725]
[0.12977962 0.1073029 ]
[0.12972416 0.10686903]
[0.13051459 0.10647153]
[0.13040546 0.10616794]
[0.12995167 0.10626621]
[0.12949856 0.10602942]
[0.1291244  0.10565507]
[0.12951864 0.10503169]
[0.13047322 0.10408929]
[0.13236278 0.10261258]
[0.13055545 0.10259615]
[0.12866736 0.10306047]
[0.12742633 0.10351762]
[0.12593062 0.10368137]
[0.12666224 0.10299002]
[0.12606945 0.10270951]
[0.12533351 0.10255922]
[0.1243113  0.10228752]
[0.12461189 0.10145062]
[0.12353364 0.10085963]
[0.12336381 0.09998357]
[0.12234211 0.09965311]
[0.12118392 0.09968759]
[0.12152064 0.099382  ]
[0.12160972 0.09932441]
[0.1215754  0.09872269]
[0.11956907 0.09951892]
[0.11869614 0.09933312]
[0.11971383 0.09982467]
[0.11660814 0.10061416]
[0.11700036 0.10031193]
[0.1197336  0.09876765]
[0.11993191 0.0985757 ]
[0.12006951 0.09816701]
[0.1200723  0.09821953]
[0.11863479 0.09794779]
[0.11679846 0.09841573]
[0.11547392 0.09881722]
[0.11699247 0.09683609]
[0.11690568 0.0962426 ]
[0.11495556 0.09671719]
[0.11272887 0.09692415]
[0.11306702 0.09711087]
[0.11284    0.09737027]
[0.11188265 0.09753844]
[0.11163039 0.09781436]
[0.11173777 0.09734643]
[0.11249626 0.09654692]
[0.11167708 0.09695044]
[0.1103244  0.09750536]
[0.10973326 0.09800615]
[0.10993478 0.09857286]
[0.1102983  0.09771999]
[0.11010323 0.09782807]



Individual 107
Population size: 300
Generations: 150
Seed: 29
Max features: 50
Crossover probability: 0.9
Mutation probability: 1.0
Pool proportion (to population size): 0.5
Mean fitness values of each generation
[0.72055636 0.47601443]
[0.65973872 0.43595393]
[0.62925175 0.40907984]
[0.60340473 0.39069871]
[0.58128097 0.37365169]
[0.56189615 0.36167822]
[0.54836186 0.3514276 ]
[0.53431791 0.34159351]
[0.51859147 0.33498742]
[0.50574018 0.32427445]
[0.49404846 0.31406123]
[0.48315453 0.30503674]
[0.4778329 0.2974286]
[0.46634761 0.2895962 ]
[0.45774701 0.28436409]
[0.44908537 0.27624606]
[0.44284143 0.27052774]
[0.43454346 0.26388384]
[0.42691943 0.25667136]
[0.42079196 0.25069562]
[0.41453564 0.24430566]
[0.4106764  0.23689111]
[0.40657522 0.23114593]
[0.39970796 0.23104377]
[0.39463566 0.22679498]
[0.38971334 0.2226758 ]
[0.38430222 0.22156761]
[0.37790661 0.22047635]
[0.37141728 0.21763529]
[0.36427949 0.21810067]
[0.35938211 0.21652617]
[0.3561537  0.21541793]
[0.35136074 0.21528604]
[0.34820388 0.21482275]
[0.34432023 0.21426787]
[0.34153813 0.21227826]
[0.33707649 0.21340711]
[0.3361031  0.20855252]
[0.33332874 0.20734446]
[0.33272146 0.20375282]
[0.32910154 0.20339488]
[0.32828909 0.20175281]
[0.32688048 0.20026438]
[0.32642863 0.19792687]
[0.32674626 0.19513752]
[0.32573918 0.19384846]
[0.32535469 0.19228456]
[0.32476851 0.18975593]
[0.32272036 0.18983149]
[0.32210107 0.18893742]
[0.3229158  0.18711213]
[0.32269012 0.18556017]
[0.32156362 0.18543914]
[0.32024529 0.1850161 ]
[0.31796842 0.18532826]
[0.3164022  0.18558001]
[0.31625623 0.18474506]
[0.31645176 0.1832752 ]
[0.31625174 0.18211387]
[0.31350412 0.18327868]
[0.31204972 0.18359704]
[0.31269587 0.18169266]
[0.31259262 0.18030488]
[0.31197756 0.17994532]
[0.31142111 0.17835587]
[0.31137128 0.17683592]
[0.311876   0.17549254]
[0.31101162 0.17506837]
[0.30995047 0.17416461]
[0.30784916 0.17503971]
[0.30588746 0.17576454]
[0.30471005 0.17600899]
[0.30341885 0.17682011]
[0.30288687 0.17567113]
[0.30260801 0.1738826 ]
[0.3019605  0.17370204]
[0.30114559 0.17250832]
[0.30151172 0.16987642]
[0.30260101 0.1674763 ]
[0.30288317 0.16602806]
[0.30142158 0.16641513]
[0.30251406 0.16395058]
[0.3020938  0.16365564]
[0.30184206 0.1629463 ]
[0.30105736 0.16332867]
[0.30071691 0.1632822 ]
[0.30040775 0.1625183 ]
[0.29856145 0.16319604]
[0.29892229 0.16179491]
[0.2983847  0.16210931]
[0.29631007 0.16288185]
[0.29605711 0.16248447]
[0.29572067 0.16142291]
[0.29561145 0.16069299]
[0.29449063 0.16063888]
[0.29429551 0.16023375]
[0.29353886 0.15943891]
[0.29219515 0.15988347]
[0.2924225  0.15802468]
[0.29079528 0.15915118]
[0.2888017  0.16010598]
[0.28930683 0.15876758]
[0.28877238 0.15892094]
[0.28767576 0.15922098]
[0.28733406 0.15906954]
[0.28694325 0.15847598]
[0.28548455 0.15950994]
[0.28461678 0.16007199]
[0.28511995 0.15882591]
[0.28480969 0.15889122]
[0.28377073 0.15960359]
[0.28402829 0.15862668]
[0.28358008 0.15806193]
[0.28279126 0.15863083]
[0.28254008 0.15821338]
[0.28222977 0.15849136]
[0.28228494 0.15801826]
[0.28256931 0.1568999 ]
[0.28209625 0.15636821]
[0.28217924 0.15568261]
[0.2832467  0.15357743]
[0.28271657 0.15341793]
[0.28224189 0.1529836 ]
[0.28075398 0.15435844]
[0.28069934 0.15313544]
[0.28087089 0.15246718]
[0.28053523 0.15241675]
[0.27986563 0.15205956]
[0.27963819 0.15169148]
[0.27893708 0.15128674]
[0.27893884 0.15092241]
[0.27944628 0.14980123]
[0.2801234 0.1486118]
[0.28020763 0.14826122]
[0.27933917 0.14833268]
[0.27830062 0.14925189]
[0.27726226 0.14980721]
[0.27659018 0.14994915]
[0.27552363 0.15046898]
[0.27448699 0.15021371]
[0.27468058 0.15049422]
[0.27375397 0.15174592]
[0.27378183 0.15155036]
[0.27187161 0.15273113]
[0.2700755  0.15335135]
[0.26903383 0.15493767]
[0.26816373 0.15556156]
[0.26757274 0.15461396]
[0.26672906 0.15495058]
[0.26642186 0.15483122]
[0.26608308 0.15532069]



Individual 110
Population size: 300
Generations: 150
Seed: 29
Max features: 50
Crossover probability: 0.9
Mutation probability: 1.0
Pool proportion (to population size): 0.5
Mean fitness values of each generation
[0.71765439 0.46840317]
[0.65909098 0.43092275]
[0.62277405 0.40698519]
[0.58474673 0.38636878]
[0.55989626 0.36907937]
[0.53533171 0.35312593]
[0.50850242 0.33985397]
[0.48362217 0.32727037]
[0.45754109 0.31698995]
[0.4386607 0.3061619]
[0.42054331 0.29898307]
[0.40094941 0.29124709]
[0.38945373 0.28550952]
[0.37825225 0.28202011]
[0.36968438 0.27696349]
[0.36050829 0.2730291 ]
[0.3551101  0.26871693]
[0.34571031 0.26481164]
[0.34011712 0.26130476]
[0.33540462 0.25849048]
[0.33158639 0.25451376]
[0.32225001 0.2518672 ]
[0.31431601 0.25131164]
[0.30980088 0.24907143]
[0.3053385  0.24737513]
[0.30298162 0.24371799]
[0.3009044  0.24231376]
[0.29950298 0.23998042]
[0.29641682 0.23917778]
[0.29148523 0.23744921]
[0.28980231 0.23548942]
[0.28511486 0.23437354]
[0.28188962 0.23254392]
[0.28138771 0.23005661]
[0.27981636 0.22730423]
[0.27594439 0.22528889]
[0.27625268 0.22176085]
[0.27355763 0.21943492]
[0.26903198 0.2177381 ]
[0.26947802 0.21400212]
[0.2661578  0.21244709]
[0.2636871  0.20841905]
[0.26079099 0.20726085]
[0.25893844 0.2051254 ]
[0.25837565 0.20293704]
[0.25744608 0.20009101]
[0.25321004 0.19865079]
[0.25088286 0.19628201]
[0.24616968 0.19476931]
[0.24258021 0.19264497]
[0.23663545 0.19116138]
[0.23689365 0.18801164]
[0.22990673 0.18641323]
[0.22406989 0.1855963 ]
[0.21626835 0.18482487]
[0.21335038 0.18328571]
[0.20807278 0.18282804]
[0.20616659 0.18167143]
[0.2036123  0.18030265]
[0.20105783 0.17929471]
[0.19827704 0.17899841]
[0.19352823 0.17929206]
[0.19319235 0.1775455 ]
[0.1919028  0.17615132]
[0.19069496 0.17433175]
[0.19018953 0.1732    ]
[0.18861746 0.17275132]
[0.18754994 0.17197937]
[0.18816978 0.17005397]
[0.1866805  0.16888889]
[0.18648226 0.1682836 ]
[0.18735292 0.16678254]
[0.18631284 0.16607725]
[0.18487877 0.16527037]
[0.1870408  0.16339365]
[0.18588956 0.16272063]
[0.18605941 0.16140688]
[0.18611443 0.16051481]
[0.18389455 0.16023439]
[0.18203819 0.1606291 ]
[0.18327532 0.15927619]
[0.18130954 0.15885556]
[0.18139306 0.15797937]
[0.18259977 0.15673386]
[0.18307636 0.15616772]
[0.18071659 0.15665661]
[0.17939668 0.15622169]
[0.18009783 0.15507619]
[0.18046446 0.15422804]
[0.1787797  0.15432011]
[0.17858232 0.15418995]
[0.17922789 0.15338254]
[0.17838625 0.15306032]
[0.17743075 0.15311111]
[0.1790887  0.15096561]
[0.17953816 0.15028148]
[0.1789189  0.15025979]
[0.1772598  0.15044127]
[0.17619252 0.15089153]
[0.17574324 0.15012328]
[0.1761651  0.14963651]
[0.17461877 0.15031481]
[0.17374844 0.1501963 ]
[0.1734391  0.14989683]
[0.17327013 0.14965238]
[0.1735514  0.14860159]
[0.1704603  0.14993439]
[0.17130336 0.14909153]
[0.17340991 0.14783439]
[0.1736622  0.14774392]
[0.17343814 0.14761005]
[0.17270657 0.14780053]
[0.17194805 0.14764444]
[0.16953084 0.14873915]
[0.16579421 0.15040847]
[0.16557046 0.14965714]
[0.16551428 0.14940847]
[0.16433418 0.1494291 ]
[0.16385738 0.14961799]
[0.16346503 0.14967513]
[0.16363382 0.1493545 ]
[0.1635501  0.14896296]
[0.16270778 0.14880212]
[0.16259664 0.14814497]
[0.16077042 0.14898836]
[0.16113588 0.14821958]
[0.16113553 0.14752698]
[0.16155686 0.14700317]
[0.16248365 0.14619312]
[0.16293333 0.14534762]
[0.16155728 0.14527619]
[0.16040494 0.14568307]
[0.16009539 0.1455836 ]
[0.16026412 0.1450381 ]
[0.15922455 0.14553915]
[0.15961774 0.14485979]
[0.15933644 0.14493598]
[0.15908382 0.14466772]
[0.160742   0.14264021]
[0.16035007 0.14245503]
[0.16029439 0.14228254]
[0.15998431 0.14196138]
[0.16049035 0.14098254]
[0.16077186 0.1403709 ]
[0.16094003 0.14005397]
[0.16153126 0.13919101]
[0.16229093 0.13830794]
[0.16212197 0.13798995]
[0.16136358 0.13774497]
[0.16161726 0.13719841]
[0.16068874 0.13775873]



