Fitness metrics: KappaLoss, CrossValidationLoss

Individual 104
Population size: 500
Generations: 100
Seed: 29
Max features: 50
Crossover probability: 0.9
Mutation probability: 1.0
Pool proportion (to population size): 0.5
Mean fitness values of each generation
[0.79269481 0.48577591]
[0.70169222 0.43160419]
[0.64034077 0.39039373]
[0.59846685 0.36512859]
[0.56434398 0.34032711]
[0.52612264 0.3206799 ]
[0.48176252 0.30235062]
[0.44799866 0.2853917 ]
[0.41947728 0.27185013]
[0.39196361 0.25705435]
[0.37461231 0.24343176]
[0.35124607 0.23232469]
[0.32897813 0.22353989]
[0.31785473 0.21435629]
[0.30142168 0.20695802]
[0.28548789 0.19964223]
[0.27277596 0.19535315]
[0.26310908 0.18964903]
[0.25163713 0.1850294 ]
[0.24252678 0.17985045]
[0.23535488 0.17385729]
[0.22742814 0.17103158]
[0.22056267 0.16814984]
[0.21260202 0.1662319 ]
[0.20912549 0.16163579]
[0.20375712 0.15773988]
[0.19741678 0.15593322]
[0.19227693 0.15419705]
[0.18919682 0.15212708]
[0.18524    0.14993665]
[0.18186983 0.14762584]
[0.1778946  0.14641806]
[0.17557781 0.14495993]
[0.17400566 0.1420739 ]
[0.17244567 0.14035007]
[0.17052912 0.13796861]
[0.16700958 0.13707494]
[0.16625538 0.13493328]
[0.16420709 0.13399239]
[0.16209361 0.13236134]
[0.16077407 0.13033479]
[0.15889394 0.12970935]
[0.15575894 0.12953184]
[0.15620655 0.12669664]
[0.15330811 0.12572982]
[0.1531906  0.12332841]
[0.15228356 0.12167308]
[0.15198164 0.12072157]
[0.15148834 0.11901501]
[0.15058805 0.11756866]
[0.14819673 0.11725702]
[0.14610016 0.1160013 ]
[0.14583065 0.11437683]
[0.14202639 0.11418933]
[0.13938914 0.11406279]
[0.13827444 0.11310911]
[0.13793248 0.11189148]
[0.13588574 0.11155884]
[0.13395626 0.11066964]
[0.13207588 0.10987086]
[0.13019851 0.1097735 ]
[0.12980517 0.1086348 ]
[0.12983675 0.1075894 ]
[0.12714857 0.10779949]
[0.12696194 0.10722764]
[0.12674363 0.10622764]
[0.12647048 0.1055442 ]
[0.12533252 0.10519733]
[0.12294902 0.1055174 ]
[0.12244573 0.10490994]
[0.12220801 0.10462393]
[0.12085544 0.10473272]
[0.11862503 0.10477943]
[0.11701798 0.1050263 ]
[0.11602123 0.10444312]
[0.11456632 0.10453453]
[0.11367078 0.10454931]
[0.1126044  0.10440087]
[0.11234802 0.10360557]
[0.11121233 0.10338224]
[0.11100711 0.10290084]
[0.11031196 0.10254356]
[0.1107379 0.1015506]
[0.1105679  0.10128226]
[0.10989097 0.10132647]
[0.10987137 0.10089941]
[0.10977057 0.10017895]
[0.10944601 0.10000408]
[0.10871794 0.09962366]
[0.10807594 0.09966698]
[0.10748181 0.09965869]
[0.10766942 0.09946509]
[0.10746702 0.09910814]
[0.10689159 0.09904547]
[0.10763886 0.09773815]
[0.10701119 0.09750131]
[0.10581139 0.09782785]
[0.10530413 0.09754215]
[0.10454422 0.09719815]
[0.10466257 0.09689759]
[0.10396878 0.09650263]



Individual 107
Population size: 500
Generations: 100
Seed: 29
Max features: 50
Crossover probability: 0.9
Mutation probability: 1.0
Pool proportion (to population size): 0.5
Mean fitness values of each generation
[0.72581881 0.47683685]
[0.66330708 0.43509061]
[0.63664156 0.41720884]
[0.6169748  0.40171683]
[0.59619106 0.38593573]
[0.57718494 0.37369792]
[0.56295428 0.36091942]
[0.54655653 0.34601824]
[0.52891945 0.33018999]
[0.51305082 0.32107385]
[0.49844204 0.30806372]
[0.48464714 0.29741073]
[0.47369743 0.28682957]
[0.45930631 0.27970068]
[0.44548375 0.27005211]
[0.43439965 0.2607456 ]
[0.42398399 0.25333318]
[0.41247877 0.24588928]
[0.4047055  0.23844295]
[0.39652098 0.23326745]
[0.38719999 0.22833376]
[0.38353721 0.22255922]
[0.37390303 0.21869217]
[0.36748198 0.2150667 ]
[0.36036539 0.21142421]
[0.35672094 0.20606288]
[0.35117856 0.20297464]
[0.34376062 0.20038958]
[0.33782968 0.19596445]
[0.33270179 0.19275384]
[0.32662626 0.19104661]
[0.3241282  0.18766086]
[0.31737587 0.18575544]
[0.31282099 0.18336433]
[0.30791911 0.18131596]
[0.30416263 0.17935622]
[0.30197357 0.17648027]
[0.29849618 0.17464523]
[0.29764391 0.17122149]
[0.2977888  0.16727722]
[0.29589336 0.16535862]
[0.29277225 0.16428394]
[0.29221897 0.16169664]
[0.289495   0.16016341]
[0.28638199 0.15949983]
[0.28360742 0.15878057]
[0.28288128 0.15619073]
[0.28070386 0.15543311]
[0.2788423  0.15463106]
[0.27429874 0.15451699]
[0.2742473  0.15191756]
[0.27313365 0.15097315]
[0.27221034 0.14909332]
[0.2682642  0.14933469]
[0.26795842 0.14763484]
[0.26641029 0.14649151]
[0.26444182 0.14542053]
[0.26274152 0.14407364]
[0.26216559 0.14232308]
[0.26060011 0.14079308]
[0.25734066 0.14037876]
[0.25647276 0.13918566]
[0.25433891 0.13858124]
[0.25339946 0.13728456]
[0.25396865 0.13592156]
[0.25211817 0.13597207]
[0.25090404 0.13510998]
[0.25062016 0.13334063]
[0.24947604 0.13251453]
[0.24757856 0.13224216]
[0.24689344 0.131331  ]
[0.24635553 0.13062084]
[0.24637185 0.1296297 ]
[0.24544697 0.12943382]
[0.24416863 0.1293287 ]
[0.24428127 0.12814426]
[0.24300224 0.12809949]
[0.24153724 0.12748975]
[0.24150228 0.12650934]
[0.24003906 0.1256285 ]
[0.23874695 0.1251992 ]
[0.23815813 0.12492836]
[0.23753563 0.12465213]
[0.23669707 0.12390224]
[0.23669718 0.12300911]
[0.2356871  0.12292285]
[0.23466043 0.12235795]
[0.23383686 0.12190235]
[0.23368809 0.12120468]
[0.23412912 0.12042511]
[0.23433041 0.11973513]
[0.23331948 0.11947717]
[0.23275004 0.119009  ]
[0.23271737 0.1181467 ]
[0.23172591 0.11793413]
[0.23120231 0.11760098]
[0.23091406 0.11669582]
[0.23007235 0.11646545]
[0.2292317  0.11635435]
[0.22933258 0.11526808]
[0.22840854 0.11501876]



Individual 110
Population size: 500
Generations: 100
Seed: 29
Max features: 50
Crossover probability: 0.9
Mutation probability: 1.0
Pool proportion (to population size): 0.5
Mean fitness values of each generation
[0.72222317 0.46848317]
[0.65918297 0.42563619]
[0.62121618 0.40198413]
[0.59136787 0.38242222]
[0.56943423 0.36755016]
[0.55019418 0.35445587]
[0.52981923 0.34204349]
[0.50994623 0.33141333]
[0.49405021 0.32046921]
[0.47664104 0.3083927 ]
[0.46078027 0.2985654 ]
[0.4434673 0.2906781]
[0.42620975 0.28045524]
[0.41225303 0.27333683]
[0.39903906 0.26777556]
[0.38879614 0.25934444]
[0.37730305 0.25480571]
[0.36855701 0.24949778]
[0.36130493 0.24461873]
[0.35315174 0.23863651]
[0.34226077 0.23541524]
[0.33688289 0.22912667]
[0.33111176 0.22416952]
[0.32540531 0.21965492]
[0.31888764 0.21718952]
[0.31125938 0.21435905]
[0.30579307 0.21166317]
[0.30033296 0.20894698]
[0.29566794 0.20640603]
[0.29260754 0.20240635]
[0.2895777  0.19979556]
[0.28595775 0.19654254]
[0.28296402 0.19376286]
[0.28272764 0.19000984]
[0.27866792 0.18905587]
[0.27406916 0.18683333]
[0.27213099 0.18437333]
[0.27145873 0.18176317]
[0.26895203 0.17926   ]
[0.26719955 0.17689143]
[0.26369665 0.1760654 ]
[0.2625346  0.17393683]
[0.2611691 0.1721381]
[0.2569216  0.17124825]
[0.2532805  0.17085175]
[0.25147469 0.16914095]
[0.24982298 0.1687219 ]
[0.24859066 0.16770381]
[0.24592758 0.16633778]
[0.24259144 0.1654981 ]
[0.24090736 0.16441587]
[0.24031844 0.16245714]
[0.23863248 0.16098444]
[0.2374193  0.15906413]
[0.23637467 0.15798571]
[0.23610534 0.15628317]
[0.23501064 0.15470222]
[0.23433742 0.15381206]
[0.23248567 0.15292984]
[0.22943559 0.15322381]
[0.2281577 0.1526273]
[0.2267601  0.15138794]
[0.22644036 0.14961968]
[0.22563187 0.14817905]
[0.22381393 0.14700127]
[0.22287118 0.14608508]
[0.21939705 0.14614603]
[0.21848614 0.14537175]
[0.21818349 0.14376127]
[0.217778  0.1421546]
[0.21698442 0.14079841]
[0.21595585 0.13984317]
[0.21368261 0.13916222]
[0.21149205 0.13855206]
[0.20926611 0.13865238]
[0.20791778 0.13796159]
[0.20661988 0.13701365]
[0.20614819 0.13627429]
[0.20618071 0.13458063]
[0.20545442 0.13378286]
[0.20430646 0.13299429]
[0.20243425 0.13248952]
[0.20164205 0.13153206]
[0.19914628 0.13128952]
[0.19852225 0.13037016]
[0.19656729 0.1300746 ]
[0.19500024 0.1294854 ]
[0.19368552 0.12914635]
[0.19252329 0.12889492]
[0.19051854 0.12839619]
[0.18970902 0.12730476]
[0.18822543 0.1270381 ]
[0.1860848  0.12650127]
[0.1845686  0.12609778]
[0.18290047 0.12542032]
[0.18175482 0.12457365]
[0.17985023 0.12495841]
[0.17951311 0.12432   ]
[0.1781807  0.12403524]
[0.17762385 0.12372254]
[0.17694813 0.12294603]



