0.79465503 0.48708682
0.7112521 0.43110822
0.65603388 0.39661529
0.60985458 0.36936372
0.5618948 0.3444528
0.52297702 0.32148856
0.48192209 0.3017474
0.45126134 0.28641685
0.41964547 0.27015923
0.39199593 0.25687313
0.36964929 0.24606658
0.34763162 0.23585479
0.33004616 0.22585709
0.31301274 0.21765181
0.29909658 0.20998536
0.28541755 0.20198082
0.2735179 0.19469189
0.26107292 0.18757738
0.25320133 0.18018881
0.24450436 0.17444857
0.23762713 0.16885317
0.2296427 0.16380143
0.22303307 0.16001654
0.21618094 0.1555231
0.20891972 0.1509687
0.20212123 0.14797171
0.19801875 0.14454397
0.19370075 0.14188206
0.19072664 0.13864137
0.18824637 0.13582696
0.18507957 0.13355731
0.17954167 0.13272684
0.17847505 0.13030148
0.17519194 0.12800163
0.17258575 0.12614994
0.16963926 0.12447244
0.16812107 0.12272639
0.16468826 0.12225827
0.16256079 0.12103248
0.16157689 0.11909583
0.15978521 0.1177976
0.15763027 0.11661013
0.15525783 0.11609313
0.15345573 0.11495454
0.15324792 0.11359435
0.15167257 0.11272016
0.15080533 0.11165917
0.14934552 0.11040713
0.14864509 0.10887853
0.14822043 0.10779
0.14613449 0.1067655
0.14440921 0.10652006
0.14350791 0.10515946
0.14260669 0.10444069
0.14123587 0.10419478
0.13781458 0.10409894
0.13647382 0.10331239
0.13638638 0.10229677
0.13540294 0.10164524
0.13364222 0.10133235
0.13308963 0.1003704
0.13215114 0.09994479
0.13123529 0.099168
0.1306817 0.09780191
0.1293687 0.09764685
0.12901805 0.09696742
0.12829792 0.09612063
0.12783449 0.09527038
0.12753966 0.09469363
0.12535041 0.09493722
0.12309596 0.09496459
0.12200525 0.09471303
0.11996093 0.09485332
0.11943268 0.0937767
0.1184997 0.09305479
0.11750461 0.09235103
0.11622579 0.09177254
0.11588811 0.09099365
0.11520694 0.08999227
0.11343742 0.08924143
0.11254785 0.08833944
0.11170943 0.08754574
0.10913743 0.08735779
0.1076688 0.08706401
0.10695845 0.08617804
0.10670175 0.08538353
0.10564259 0.0849913
0.10481482 0.08470108
0.10442337 0.08410806
0.10514218 0.08273865
0.10338491 0.0823944
0.10265438 0.08163281
0.10217959 0.08094551
0.10250835 0.0803072
0.10171407 0.07985116
0.10241014 0.07873735
0.10129042 0.07799353
0.10097001 0.07741393
0.10030332 0.07679153
0.09837604 0.07659239
0.09849194 0.07594542
0.09832179 0.0749089
0.0976113 0.07434151
0.09660565 0.07348802
0.09679527 0.07274056
0.09596869 0.07250098
0.0952912 0.07196965
0.09429936 0.07162671
0.09387668 0.07116255
0.09288344 0.07088424
0.09334909 0.0697891
0.09286011 0.06930021
0.09266993 0.06860672
0.09021992 0.0687938
0.09000842 0.06820133
0.08969122 0.06788361
0.08825621 0.06777263
0.08762134 0.06750006
0.08680664 0.06741893
0.08648892 0.06706029
0.08674053 0.06646977
0.08652923 0.06586589
0.08627502 0.06515277
0.08649761 0.06446443
0.08604394 0.06437721
0.08554702 0.06416508
0.08498696 0.06386393
0.08453287 0.0637084
0.0837298 0.06356172
0.08375145 0.06312819
0.08280114 0.06282746
0.08214741 0.06265736
0.08199103 0.06233981
0.08093225 0.06224965
0.08094198 0.06168857
0.08015045 0.06136677
0.07888455 0.06119616
0.0773852 0.06147649
0.07691838 0.0611465
0.07642056 0.06090737
0.07566219 0.06085792
0.07512339 0.0605563
0.07427816 0.06040557
0.07369866 0.06019072
0.0728134 0.06018594
0.07262369 0.05987541
0.07172703 0.05991695
0.0710195 0.05978763
0.07069199 0.05962698
0.06990962 0.05967608
0.06887763 0.05999708
0.06856053 0.05965862
0.06781236 0.05944228
0.06696794 0.05950545
0.06667212 0.05931653
0.06621744 0.05924384
0.06585828 0.05900345
0.06586878 0.05860974
0.06542563 0.05848125
0.06516328 0.05823602
0.06477356 0.05791161
0.06382443 0.05793986
0.06328698 0.05792366
0.06282363 0.05803579
0.06227606 0.05821356
0.06185494 0.05838918
0.06155009 0.05839108
0.06132874 0.05833481
0.06133924 0.05808217
0.06121306 0.05790339
0.06086518 0.05768473
0.06108672 0.05736443
0.06118166 0.05705189
0.06124481 0.05679897
0.06130814 0.0565339
0.06129748 0.05624991
0.06107584 0.0560843
0.06072834 0.05591687
0.06057018 0.05583946
0.06020088 0.05579434
0.06020084 0.05579434
0.06020079 0.05578797
0.06014801 0.0557957
0.06016909 0.05578759
0.06014779 0.05579473
0.06014774 0.05579434
0.06014764 0.05580051
0.06014758 0.05580013
0.06018969 0.05577792
0.06020009 0.05577019
0.06017889 0.05577019
0.06017879 0.0557698
0.06019963 0.05578369
0.06023113 0.05576786
0.06024159 0.0557667
0.06026259 0.05575879
0.06026246 0.05575879
0.06028338 0.05573736
0.06031477 0.05571574
0.06024077 0.05572405
0.06021962 0.05573755
