0.72764533 0.48001728
0.66618971 0.43535955
0.63680711 0.41579735
0.60895922 0.39618589
0.58914013 0.38063074
0.56942373 0.36439312
0.54793186 0.35204533
0.52852657 0.33776053
0.50870799 0.32400857
0.49231543 0.31067045
0.47551973 0.29725121
0.45981413 0.28752453
0.44617791 0.27719491
0.43533714 0.26725752
0.42600184 0.25868662
0.41752447 0.25070923
0.41023551 0.24194301
0.4002594 0.23574611
0.39391066 0.22899089
0.38445317 0.2232081
0.37796617 0.21834135
0.3718345 0.2147406
0.3649514 0.21098946
0.35889515 0.20661044
0.35354587 0.20181366
0.34874945 0.19808904
0.34211204 0.1955325
0.33728893 0.1931794
0.33324541 0.19136382
0.32820018 0.18742039
0.32407795 0.18399359
0.32079029 0.1809847
0.31759064 0.17868354
0.31409579 0.17582502
0.310763 0.17348495
0.3074569 0.17185242
0.30311357 0.16886645
0.30040031 0.16629454
0.29693658 0.16424236
0.29140626 0.16424176
0.2896302 0.16215818
0.28825726 0.15982151
0.28568056 0.15821331
0.28334105 0.15617594
0.28148593 0.15416552
0.27911719 0.1529096
0.27694636 0.151783
0.2747298 0.14976678
0.27309434 0.14725364
0.27021978 0.14639915
0.26885366 0.14493907
0.26614865 0.14295195
0.26348443 0.14197775
0.26149811 0.14040024
0.25926093 0.13944017
0.25635483 0.13890315
0.25398234 0.13814511
0.25224716 0.13730386
0.25076891 0.13647023
0.24990714 0.1341385
0.24831072 0.13319535
0.24656379 0.13182324
0.24518578 0.13038462
0.24305479 0.12980454
0.24205732 0.12823123
0.24192469 0.12698378
0.24283094 0.12551888
0.24167916 0.12483614
0.23967137 0.12476533
0.23893378 0.1237798
0.23759196 0.12273224
0.23697242 0.12145989
0.23579718 0.12039548
0.23508467 0.11919483
0.23502079 0.11791218
0.23555676 0.11605613
0.23468262 0.11538916
0.23271719 0.11504627
0.23234985 0.11399018
0.23102491 0.11367216
0.22984859 0.11332962
0.2279131 0.11321333
0.22649658 0.11290794
0.22478452 0.11291898
0.22430375 0.11185859
0.22346369 0.11112408
0.22290699 0.11054594
0.2202149 0.11059749
0.21886116 0.11018422
0.21839902 0.10934649
0.21859667 0.1084627
0.21760005 0.10854631
0.21690546 0.10811915
0.21564406 0.10816424
0.21525445 0.10760948
0.21450719 0.10723536
0.21299307 0.10723384
0.21350728 0.10578803
0.21378978 0.10447075
0.21353875 0.10414375
0.2126772 0.10374637
0.21234268 0.10336646
0.21235293 0.10287752
0.21204563 0.10199133
0.21238121 0.1011512
0.21081513 0.10074685
0.21004928 0.10054745
0.20935363 0.10016876
0.2092679 0.09953332
0.20877561 0.09882798
0.20857528 0.09834016
0.20856378 0.09768524
0.20943397 0.09646355
0.20830775 0.09639657
0.20744498 0.09627032
0.20752698 0.09553601
0.20720305 0.09546676
0.20623669 0.09556348
0.2059735 0.09505186
0.20491473 0.09514341
0.20490389 0.09443251
0.20192024 0.09470965
0.2015202 0.0940768
0.20082668 0.09383315
0.20139412 0.09247926
0.20256168 0.09117979
0.20155141 0.09119307
0.20066898 0.09071388
0.20057486 0.09005828
0.19997782 0.08950659
0.19892838 0.08932344
0.19936061 0.08820887
0.19958234 0.08765196
0.19831168 0.08752489
0.19811189 0.08701474
0.19746975 0.08696033
0.19644946 0.08693398
0.19521003 0.08676969
0.19544164 0.08584178
0.19560996 0.08534863
0.19396082 0.08518194
0.19326669 0.0847308
0.19217506 0.08436316
0.19109061 0.08440932
0.19002936 0.0839757
0.18995646 0.0834505
0.18905273 0.08325568
0.18798049 0.08313184
0.18697169 0.08302021
0.18603804 0.08272554
0.18614207 0.08178348
0.18667671 0.08107542
0.18708638 0.08016913
0.18671901 0.07985263
0.18589013 0.07975394
0.18570983 0.07923986
0.18419427 0.07905292
0.18382609 0.07860601
0.1823313 0.07863622
0.18018879 0.07871386
0.17843291 0.07878699
0.17684613 0.07897699
0.17613272 0.07879207
0.17558461 0.07855056
0.17443967 0.07852655
0.17439624 0.07783583
0.17453168 0.07722894
0.17414328 0.07705269
0.17271266 0.07726765
0.17261825 0.0767829
0.17065208 0.07701783
0.17019017 0.07677324
0.16901253 0.07686661
0.16835952 0.07637777
0.16760302 0.07643548
0.16725589 0.07609938
0.16711792 0.07576267
0.1670116 0.07537464
0.16651729 0.07529263
0.16622223 0.07504188
0.16519205 0.07500457
0.16438341 0.07497022
0.16385857 0.07472645
0.16372147 0.07433146
0.16399472 0.07369672
0.16352228 0.07355547
0.16297495 0.07360167
0.1631217 0.07342375
0.16233441 0.07328936
0.16192383 0.07303739
0.16167102 0.0725824
0.16180783 0.07224148
0.16098772 0.07225029
0.16072529 0.07198407
0.16024104 0.07182927
0.16006297 0.07150576
0.16002083 0.07106333
0.1604832 0.07045313
0.15978967 0.07034484
0.15923119 0.07022551
0.1587892 0.07020161
