0.74622596 0.46270426
0.66644771 0.41257989
0.62129156 0.38457931
0.5781373 0.35804754
0.54068494 0.33730947
0.50761327 0.31517324
0.47643379 0.29668429
0.44601581 0.2783669
0.41914771 0.26404215
0.3956552 0.25102624
0.37502802 0.23994949
0.35512617 0.23045172
0.33916347 0.21934145
0.32263721 0.21189189
0.31066123 0.20616035
0.30140598 0.19863492
0.29125245 0.19165755
0.28089541 0.18567872
0.27361044 0.18044264
0.26538327 0.175462
0.2618921 0.17048332
0.25322384 0.16687384
0.24450103 0.16376387
0.23890236 0.16031588
0.23517047 0.15659113
0.23022192 0.15300119
0.22707636 0.14930361
0.22251242 0.14488505
0.21827232 0.14078971
0.21473263 0.13676832
0.21197857 0.1334484
0.20804487 0.13191203
0.20556726 0.12793464
0.20231655 0.12620605
0.20028341 0.12408156
0.19930554 0.12095157
0.19668775 0.1190628
0.19385384 0.1175865
0.19009782 0.11683712
0.18556732 0.11561635
0.18228447 0.11469039
0.18186214 0.11237218
0.18016469 0.11107726
0.17883686 0.11020173
0.17668266 0.10934577
0.17524882 0.10798971
0.17433912 0.10558049
0.17300882 0.10504153
0.17314784 0.10372758
0.1724557 0.10275569
0.16970194 0.10214634
0.1692534 0.09996406
0.1649666 0.10018604
0.16232203 0.10028327
0.16017938 0.09957422
0.15968933 0.09867293
0.15938876 0.09724173
0.15947125 0.09504202
0.1582299 0.09432512
0.15634706 0.09448329
0.15447151 0.09436281
0.15204394 0.09449554
0.15027419 0.0944152
0.14893056 0.09375018
0.14692221 0.09370796
0.14525788 0.09350113
0.14428309 0.09288197
0.14355425 0.09224501
0.14308614 0.09140691
0.14268927 0.09128739
0.14128381 0.09104404
0.13909997 0.09056732
0.13730042 0.0898495
0.13681246 0.08906446
0.1358467 0.08849605
0.13451461 0.08809767
0.13362423 0.08758501
0.13344371 0.08645437
0.13278348 0.08572453
0.13125921 0.08484556
0.13031874 0.08426937
0.12876829 0.08367893
0.12763495 0.083163
0.12761283 0.08229304
0.12590328 0.08252704
0.12573191 0.08127635
0.12443024 0.08121169
0.1237432 0.08075907
0.12358578 0.07981119
0.12202237 0.07950294
0.12156932 0.07859345
0.12020757 0.07792517
0.11908833 0.07760922
0.1175254 0.07727056
0.11691574 0.07658936
0.11702988 0.075158
0.11675428 0.0744385
0.11462056 0.07421697
0.11361726 0.07304553
0.11260422 0.07294845
0.11181988 0.07228387
0.10993925 0.07201365
0.1086152 0.0718144
0.1076606 0.07087289
0.10781099 0.06979559
0.10696745 0.06879134
0.10535223 0.06857697
0.10451602 0.06794407
0.10381 0.06748161
0.1026367 0.06730308
0.10128456 0.06732574
0.10063062 0.06669178
0.09896376 0.0667394
0.09753925 0.06671674
0.09713814 0.06621757
0.0966734 0.06553877
0.09588972 0.0650701
0.09543383 0.06445689
0.0946735 0.0635261
0.09371276 0.06342721
0.09300306 0.06277796
0.09307544 0.06128087
0.0914897 0.06154966
0.09076099 0.06094881
0.09018024 0.06027439
0.09001955 0.05950565
0.08956548 0.05881791
0.08897423 0.05840254
0.08854034 0.05840663
0.08840122 0.05729111
0.08715593 0.05693098
0.08635387 0.05682639
0.08572238 0.05610926
0.0849105 0.05600304
0.08466604 0.05541298
0.08431618 0.05436933
0.08396635 0.05352025
0.08290231 0.05348703
0.08247993 0.05286335
0.08229918 0.05233542
0.0817604 0.05183456
0.08094792 0.05159605
0.08063107 0.05106592
0.08041925 0.0500398
0.0798591 0.05000599
0.07942493 0.04970208
0.07946472 0.04878841
0.07862238 0.04870664
0.0781365 0.04818237
0.07771251 0.0479311
0.07710084 0.04787977
0.07665738 0.04766063
0.07587773 0.04761143
0.07564404 0.04734577
0.07482983 0.04741416
0.07470332 0.04685302
0.07431242 0.04655602
0.07353113 0.04664622
0.07298272 0.04617645
0.07290699 0.04549189
0.07246326 0.04469471
0.07174552 0.04444493
0.07144939 0.04355882
0.07099449 0.04304502
0.07080437 0.04171872
0.07026658 0.04118138
0.07014035 0.03991887
0.06976131 0.03896033
0.06950672 0.03814884
0.06899851 0.03704089
0.06823691 0.03673671
0.06759233 0.03658499
0.06686306 0.03664037
0.06628227 0.0361563
0.06595412 0.03559171
0.06516251 0.03548678
0.06482404 0.03533623
0.06438103 0.03502488
0.06419029 0.03468475
0.06396694 0.03461031
0.06374574 0.03413249
0.06359761 0.03353623
0.06322754 0.03339727
0.06300566 0.03325094
0.06273107 0.03308016
0.06245691 0.03294713
0.06233006 0.03254566
0.06209762 0.03229744
0.0619601 0.03207211
0.06167563 0.03194257
0.06157026 0.03172603
0.06095917 0.03192931
0.06066429 0.03195115
0.06014837 0.03209341
0.0599907 0.03177337
0.05985362 0.03164926
0.05987396 0.03142128
0.05969516 0.03122185
0.05947401 0.03103809
0.05948412 0.03074425
0.05934686 0.03055124
