0.67196231 0.45817988
0.60835952 0.41485879
0.57873982 0.39553158
0.55217688 0.37780973
0.53063732 0.35900206
0.51518284 0.34244449
0.49684652 0.32736416
0.47886619 0.31298951
0.46410911 0.29930531
0.44831338 0.28690973
0.43512717 0.27491434
0.4240016 0.26209661
0.41116633 0.25310815
0.39902603 0.24495507
0.39102293 0.23545181
0.382143 0.22744039
0.37499511 0.2204127
0.36876038 0.21335205
0.3633344 0.20736667
0.35767425 0.20334119
0.35273 0.1979726
0.34749888 0.19361629
0.34249103 0.18918662
0.33736884 0.1862839
0.33269372 0.18347499
0.32915273 0.17800194
0.32546891 0.17470616
0.32104398 0.17172791
0.31670463 0.16831583
0.31237041 0.16529871
0.3092403 0.16217322
0.30476398 0.1597187
0.30211127 0.15720003
0.29890044 0.15387737
0.29583247 0.15057716
0.29252044 0.14829691
0.29124153 0.1450249
0.28781644 0.14366088
0.28629164 0.13958811
0.28502699 0.13681844
0.28284349 0.1354656
0.28002212 0.13482066
0.27650893 0.13317147
0.27353861 0.13193998
0.27146827 0.13037294
0.26859163 0.12897618
0.26705592 0.1273913
0.26464608 0.12646538
0.26249431 0.12574469
0.26110806 0.1247151
0.25924572 0.12362795
0.25727531 0.12215708
0.25561852 0.1206216
0.25428449 0.11899936
0.25353314 0.11711165
0.25184941 0.11615771
0.24993898 0.11541132
0.24774141 0.11557403
0.24746759 0.11404992
0.24616464 0.11363592
0.24497984 0.11320317
0.2436267 0.11228356
0.24323779 0.11126112
0.24208027 0.11092565
0.24063722 0.11070115
0.23901977 0.1098819
0.23793929 0.10904251
0.23700837 0.10815477
0.23554944 0.10735457
0.2352897 0.10569965
0.23407428 0.10518174
0.23388867 0.10401134
0.23134915 0.10405307
0.23037277 0.10363658
0.22933441 0.10270882
0.22768717 0.10253609
0.22846274 0.1003411
0.22816823 0.0991705
0.22695237 0.09869696
0.22602927 0.0981818
0.22489544 0.09769617
0.22351965 0.09786527
0.22286875 0.09703065
0.22262792 0.09539296
0.22256708 0.09439846
0.22134099 0.09434692
0.2197993 0.09433865
0.21919124 0.09380586
0.21687959 0.09377519
0.21575654 0.09282225
0.21454973 0.09221533
0.2131856 0.09239839
0.21186085 0.09210906
0.21093516 0.09173404
0.21001051 0.09171965
0.20973592 0.09092298
0.21001895 0.08979176
0.20899109 0.08982925
0.20795194 0.08976518
0.20649412 0.08969761
0.20589574 0.08918006
0.20654363 0.08779503
0.20503018 0.08711379
0.20401161 0.08681689
0.20335982 0.08593925
0.20269873 0.08543183
0.20230134 0.08459657
0.20118903 0.08466279
0.20055876 0.08438956
0.19971699 0.08430781
0.19950781 0.08362012
0.19956945 0.08238557
0.19917098 0.08198921
0.19813385 0.0819792
0.19725399 0.0817132
0.1961333 0.08153096
0.19462011 0.0816866
0.19343287 0.08145171
0.19239383 0.08119171
0.19152183 0.08101836
0.19095678 0.08091181
0.19046363 0.08055215
0.18998002 0.08018072
0.18897147 0.0801739
0.18872733 0.07982217
0.18856932 0.07944809
0.18806555 0.07911719
0.18778252 0.07900734
0.18689094 0.07906948
0.18720529 0.07805542
0.18658569 0.07804229
0.18661635 0.077357
0.18659574 0.07676121
0.18589332 0.07665483
0.18593654 0.07543032
0.18535877 0.07487556
0.18421202 0.07488014
0.18428506 0.07422479
0.1834461 0.0739865
0.18244985 0.0742702
0.18225099 0.07383064
0.18206223 0.07335676
0.18141168 0.07324984
0.1805095 0.07311489
0.18025882 0.07250376
0.17954511 0.07200632
0.17849753 0.0720677
0.17759339 0.07219473
0.17716319 0.07202563
0.17651076 0.07203624
0.1760497 0.07184481
0.17556648 0.07144411
0.1754512 0.07076695
0.17438994 0.07095594
0.17439947 0.07042471
0.17412643 0.07025034
0.17348709 0.06982022
0.17278361 0.06951306
0.17219515 0.0695905
0.17176528 0.06860981
0.17126154 0.06814152
0.17025274 0.06808682
0.17021987 0.06756713
0.16995714 0.06747023
0.16833978 0.06802348
0.16785646 0.06749883
0.16697331 0.06747528
0.16655369 0.06752335
0.16560912 0.06700268
0.16581892 0.06610025
0.1658088 0.06550844
0.16491695 0.0654475
0.16506315 0.06446818
0.1631614 0.06494465
0.16300403 0.06440693
0.16198582 0.06442418
0.16225713 0.06379811
0.16244584 0.06311835
0.16209931 0.06257866
0.16135386 0.06247445
0.16077563 0.06203896
0.16005031 0.06202231
0.1593885 0.06130755
0.15932517 0.06090911
0.15873635 0.06069407
0.15864113 0.06025822
0.15781007 0.06023874
0.15657116 0.06027734
0.15606808 0.06017002
0.15524955 0.0602164
0.15457687 0.05984463
0.15349502 0.05988366
0.15291622 0.05980936
0.15151802 0.06020627
0.15128627 0.05971583
0.15150599 0.05904229
0.1512756 0.05891233
0.15053012 0.05883225
0.15049808 0.05836816
0.15035061 0.0581174
0.14972061 0.05805914
