0.70637966 0.45774187
0.63813368 0.41000218
0.60850398 0.3882996
0.58286657 0.37270794
0.56106807 0.35758988
0.54244294 0.34531329
0.52061647 0.33104425
0.49955511 0.32102063
0.48199982 0.30950635
0.46332126 0.2997248
0.4485628 0.28872163
0.43305086 0.27777242
0.42025115 0.26917044
0.40458725 0.26100992
0.3926539 0.25317302
0.38036338 0.2459246
0.37091187 0.23843333
0.3587861 0.23152798
0.35154011 0.22519206
0.34485871 0.21936806
0.33973242 0.21237956
0.33108149 0.20893373
0.3254523 0.20443512
0.31967356 0.20031647
0.3135132 0.19510139
0.30840234 0.19221567
0.30336007 0.18930595
0.30026707 0.18563452
0.29671951 0.18210099
0.29311918 0.1796123
0.29025384 0.17647659
0.28848376 0.17340099
0.2849438 0.17162262
0.28138511 0.16999286
0.27756162 0.16835099
0.27593114 0.16581944
0.27566739 0.16317698
0.27322473 0.16154246
0.27162387 0.16012917
0.26881342 0.15810119
0.26728522 0.15691806
0.26325076 0.15593095
0.26088201 0.15477857
0.26013713 0.15291667
0.2577551 0.15132044
0.25632218 0.14942123
0.25433094 0.14867976
0.25254995 0.1478498
0.25073867 0.14651766
0.24951579 0.14569821
0.24827061 0.14490754
0.24836642 0.14306488
0.24728119 0.14249702
0.24641739 0.14168452
0.24450099 0.14107143
0.24493296 0.1392877
0.24450131 0.13845377
0.24400547 0.13755694
0.24213028 0.13673591
0.24209947 0.13561825
0.24220495 0.13382599
0.2420257 0.13270694
0.24005442 0.1327129
0.2390206 0.13222083
0.23770286 0.13174127
0.23641814 0.13139008
0.23532109 0.13090754
0.2326657 0.1311006
0.23220239 0.13013472
0.23129602 0.12940655
0.23075714 0.1283377
0.22919647 0.12838353
0.22954387 0.1272248
0.22741569 0.12766746
0.22643586 0.12728353
0.22537234 0.12684008
0.2244975 0.12635714
0.22333684 0.12649821
0.22325253 0.12491647
0.22209457 0.12464325
0.22258002 0.12295933
0.22163303 0.1224375
0.22149602 0.12172044
0.22135932 0.12042778
0.21988396 0.11997738
0.21872474 0.11935079
0.21871423 0.11831528
0.21845132 0.11759425
0.21749389 0.11708353
0.21774808 0.11549167
0.21660922 0.11524702
0.21538503 0.11469603
0.21467956 0.11417837
0.21369043 0.11380278
0.21301532 0.1133996
0.21258294 0.11305437
0.2114545 0.11278591
0.21035851 0.11257718
0.20994868 0.11193671
0.20887491 0.11142917
0.20895949 0.1101746
0.20782157 0.1095123
0.20538657 0.11009286
0.20476431 0.10968651
0.20406884 0.10935496
0.20225716 0.10936944
0.20203585 0.10868671
0.20220464 0.10749266
0.20227805 0.10656528
0.20167798 0.10598056
0.20071819 0.1057504
0.20035991 0.10546567
0.19982173 0.10498075
0.19981188 0.10409464
0.19861139 0.10428135
0.19812557 0.10371052
0.19724102 0.10309325
0.19635547 0.10285198
0.19609213 0.10215536
0.19564983 0.10159067
0.19542855 0.10113075
0.19482775 0.10048968
0.1941415 0.10033948
0.19314001 0.10016587
0.19287671 0.09952044
0.19305629 0.09865496
0.19310975 0.09790952
0.19242478 0.09741627
0.19167608 0.0970875
0.19091702 0.09660655
0.18874617 0.0968756
0.18839757 0.09601925
0.18775543 0.09552103
0.18726013 0.09535536
0.18624827 0.09546369
0.18606938 0.09489841
0.18524645 0.09441687
0.18457288 0.09414921
0.18324529 0.09425873
0.18295042 0.09358909
0.18288771 0.0929131
0.18207696 0.09251548
0.18198229 0.09180675
0.18188693 0.09123948
0.18140251 0.0909881
0.18106577 0.09023274
0.18043353 0.08985258
0.17873714 0.08964444
0.1783792 0.08884841
0.17704161 0.0888129
0.17586155 0.08901726
0.17527202 0.08885496
0.17512421 0.0884
0.17507169 0.08761131
0.17480818 0.08719087
0.17452391 0.08663571
0.17437652 0.08637262
0.17468184 0.08576508
0.17411306 0.08519524
0.17341765 0.0849369
0.17336561 0.08426329
0.17310244 0.08309365
0.17211232 0.08273452
0.171923 0.08176885
0.17202842 0.08090952
0.17062704 0.08071468
0.17025804 0.08007857
0.17003682 0.07909087
0.16946832 0.07885159
0.16928921 0.07809048
0.16866706 0.07775298
0.16714001 0.07769405
0.16733984 0.07680675
0.16666604 0.07666528
0.16618141 0.07629385
0.16445343 0.07660734
0.16341029 0.07642143
0.16260963 0.07619425
0.16210416 0.07547758
0.16239926 0.07422282
0.16232545 0.07345357
0.16194635 0.0725877
0.16060844 0.07247857
0.15989231 0.0720627
0.15883905 0.07169325
0.15850267 0.07130099
0.15797564 0.07052163
0.15750158 0.07015278
0.15682727 0.06977817
0.15528936 0.0695494
0.1545734 0.06905079
0.15308825 0.06924147
0.1529513 0.06844484
0.15236155 0.06787579
0.15187702 0.06749365
0.15130888 0.06695099
0.15176243 0.06589167
0.15163612 0.06515
0.15149955 0.06422341
0.15090958 0.06370099
0.150298 0.06324087
