Fitness metrics: KappaLoss, CrossValidationLoss

Individual 104
Population size: 800
Generations: 200
Seed: 29
Max features: 40
Crossover probability: 0.9
Mutation probability: 1.0
Pool proportion (to population size): 0.5
Mean fitness values of each generation
[0.81788545 0.50333601]
[0.73900782 0.45151129]
[0.6835652  0.41707506]
[0.63466331 0.38940819]
[0.59009383 0.36312126]
[0.54866379 0.34393505]
[0.51028501 0.32169257]
[0.47580883 0.3032689 ]
[0.44013225 0.28750369]
[0.40911419 0.27331564]
[0.38362308 0.26192118]
[0.36126148 0.24953059]
[0.33980304 0.24186572]
[0.32241926 0.23223596]
[0.30264353 0.22781671]
[0.29161262 0.21991277]
[0.2784591  0.21320695]
[0.26425396 0.20852705]
[0.25606789 0.20163189]
[0.24625516 0.19762178]
[0.23802956 0.19300285]
[0.23131566 0.18814158]
[0.22544859 0.18220249]
[0.22011805 0.17708345]
[0.2143886  0.17337874]
[0.21061652 0.16953313]
[0.20668356 0.1658171 ]
[0.20337483 0.16143946]
[0.19972576 0.15851054]
[0.19519455 0.15562721]
[0.19158524 0.15288916]
[0.18801786 0.1513458 ]
[0.18459063 0.14904058]
[0.1845993  0.14477653]
[0.18297482 0.1424275 ]
[0.18034134 0.14005321]
[0.17803485 0.13789597]
[0.17426699 0.13625785]
[0.17232375 0.13484661]
[0.17045421 0.13265933]
[0.16944629 0.13035298]
[0.16932623 0.12651171]
[0.16712862 0.12500505]
[0.1655002  0.12224906]
[0.16268285 0.12063364]
[0.16149326 0.11932963]
[0.16025599 0.11756167]
[0.1570707  0.11693076]
[0.15561917 0.11533395]
[0.15319918 0.11401088]
[0.15208748 0.11257294]
[0.15057454 0.11105468]
[0.14882164 0.11007542]
[0.14716041 0.10936816]
[0.14559412 0.10836288]
[0.14244756 0.10762743]
[0.14119418 0.10693524]
[0.13945949 0.10589425]
[0.13759152 0.10506523]
[0.13650127 0.10376954]
[0.13560406 0.10233892]
[0.13473368 0.10048259]
[0.13256846 0.09966595]
[0.13027485 0.09876475]
[0.12872358 0.09775087]
[0.12819099 0.09562464]
[0.12734354 0.09476458]
[0.12595225 0.09407132]
[0.12457298 0.09293465]
[0.12182132 0.09298481]
[0.12128559 0.09188422]
[0.12000119 0.0910297 ]
[0.11886778 0.09043064]
[0.11719448 0.08987962]
[0.1164468  0.08906767]
[0.11490235 0.08877789]
[0.11428172 0.08788707]
[0.113213   0.08634217]
[0.11146802 0.08588304]
[0.11053081 0.08480191]
[0.11021765 0.08329381]
[0.10895838 0.08248509]
[0.10788702 0.08088893]
[0.10735352 0.07976267]
[0.10658658 0.07874989]
[0.10580679 0.07793334]
[0.10535858 0.07676131]
[0.10401386 0.07672349]
[0.1036625  0.07555606]
[0.10268346 0.07490653]
[0.10124211 0.07443867]
[0.09963181 0.07456724]
[0.0987586  0.07332601]
[0.09824283 0.07226169]
[0.0978541  0.07150233]
[0.09671351 0.07166581]
[0.09543937 0.07141333]
[0.09439593 0.0712177 ]
[0.09376559 0.07009329]
[0.09247085 0.06938868]
[0.09216533 0.0688325 ]
[0.09051291 0.06903372]
[0.08861964 0.06912905]
[0.08790806 0.06836104]
[0.0876279  0.06691594]
[0.08655465 0.06706924]
[0.08552136 0.06656995]
[0.08516263 0.06596991]
[0.08421593 0.06514   ]
[0.08366938 0.06456653]
[0.08310217 0.0641686 ]
[0.08240598 0.06391164]
[0.08121836 0.0640309 ]
[0.08092372 0.06350618]
[0.08047205 0.06290377]
[0.07921225 0.0626432 ]
[0.07865629 0.06255793]
[0.07852025 0.06206051]
[0.07800351 0.0617256 ]
[0.0768148  0.06147748]
[0.07636241 0.06119969]
[0.07557303 0.06110906]
[0.07498516 0.06080215]
[0.07439638 0.06040852]
[0.07384958 0.0604027 ]
[0.07352365 0.05978287]
[0.07328183 0.05923523]
[0.07299783 0.05869607]
[0.07278674 0.05788634]
[0.07252398 0.05695425]
[0.07214531 0.05677229]
[0.07149455 0.05663135]
[0.07107501 0.05627971]
[0.07094874 0.05540151]
[0.07030707 0.05536944]
[0.06980203 0.05525394]
[0.06963329 0.0547658 ]
[0.06967445 0.05375784]
[0.06923177 0.05345129]
[0.06833881 0.05307383]
[0.06798013 0.05248761]
[0.06775801 0.05191895]
[0.06729469 0.05167444]
[0.0663579  0.05178134]
[0.06598912 0.05152051]
[0.06534824 0.05133152]
[0.0648453 0.0511217]
[0.06443498 0.05093749]
[0.06429964 0.05034841]
[0.06409009 0.05006349]
[0.06405762 0.04968924]
[0.0637103  0.04929547]
[0.06328912 0.04913653]
[0.06306881 0.04892301]
[0.0624688  0.04896758]
[0.0622688  0.04880384]
[0.06192167 0.04849946]
[0.0614491  0.04838186]
[0.06084048 0.04846517]
[0.06008472 0.04843821]
[0.05961166 0.04832863]
[0.05912771 0.04827416]
[0.05851741 0.04840271]
[0.05802245 0.04845513]
[0.05744408 0.04863462]
[0.05701358 0.0481538 ]
[0.05692905 0.04786859]
[0.0564244  0.04777574]
[0.05608843 0.04768428]
[0.05560511 0.04763511]
[0.05514281 0.04746926]
[0.05474457 0.04706375]
[0.05414569 0.04692898]
[0.05373543 0.04647924]
[0.0533154  0.04622488]
[0.05282129 0.04607132]
[0.05239119 0.04592548]
[0.05205513 0.04573142]
[0.05166574 0.04546141]
[0.05102464 0.04565891]
[0.05040327 0.04608455]
[0.05008798 0.04574519]
[0.04945735 0.04548188]
[0.04879624 0.04552562]
[0.04824009 0.04524048]
[0.04772593 0.04478742]
[0.04727477 0.04438378]
[0.0468758  0.04421275]
[0.0466448  0.04390316]
[0.04622403 0.04368316]
[0.04620351 0.04317443]
[0.04585689 0.04308072]
[0.0458987  0.04259709]
[0.04548978 0.04227083]
[0.04526902 0.04207039]
[0.04475391 0.04219083]
[0.04427053 0.04222713]
[0.04385054 0.04198858]
[0.04322134 0.04217646]
[0.04272866 0.04218353]
[0.04252954 0.04205575]



Individual 107
Population size: 800
Generations: 200
Seed: 29
Max features: 40
Crossover probability: 0.9
Mutation probability: 1.0
Pool proportion (to population size): 0.5
Mean fitness values of each generation
[0.7466678  0.49546537]
[0.68430048 0.45221022]
[0.65390646 0.4298637 ]
[0.63007337 0.41441895]
[0.60865668 0.39824545]
[0.586031   0.38210619]
[0.56388149 0.36585494]
[0.54727688 0.35130915]
[0.52682618 0.33908611]
[0.51130509 0.32059673]
[0.4958914  0.30555176]
[0.47842673 0.29290208]
[0.46601128 0.28147664]
[0.45375469 0.2699219 ]
[0.44250599 0.2602337 ]
[0.43105972 0.25234928]
[0.42046413 0.24495989]
[0.41329859 0.23852582]
[0.40579787 0.23393539]
[0.39635354 0.22998879]
[0.38880123 0.22462698]
[0.38078425 0.22083571]
[0.37484721 0.21757222]
[0.36987811 0.21317748]
[0.36502982 0.21057816]
[0.36054159 0.20786923]
[0.35747307 0.20394827]
[0.35303711 0.20081151]
[0.34840816 0.19858447]
[0.34595388 0.19521597]
[0.34127921 0.19332459]
[0.33723641 0.19074026]
[0.33268169 0.18926774]
[0.3279607  0.18805511]
[0.32557942 0.18516431]
[0.32276725 0.18302674]
[0.32078209 0.1803121 ]
[0.31798889 0.178474  ]
[0.31517238 0.17733966]
[0.31213731 0.17566437]
[0.30989982 0.17487984]
[0.30854235 0.17290417]
[0.30513873 0.17152866]
[0.3017607  0.17150627]
[0.29749809 0.17135366]
[0.29554388 0.16939814]
[0.29073667 0.16959568]
[0.28836127 0.16875484]
[0.28522425 0.16827243]
[0.28253729 0.16676913]
[0.28056556 0.16553653]
[0.27949451 0.1636498 ]
[0.27737829 0.16280757]
[0.27519576 0.16210396]
[0.2732676  0.16136559]
[0.27130227 0.16012467]
[0.27001702 0.15940808]
[0.26732366 0.15922884]
[0.26565342 0.15819278]
[0.26525628 0.15632912]
[0.26500628 0.15529973]
[0.26275155 0.15473533]
[0.25988695 0.15496852]
[0.25870001 0.15411976]
[0.25761407 0.15305865]
[0.25394672 0.15295495]
[0.251778   0.15277222]
[0.24988016 0.15223951]
[0.24915989 0.15087473]
[0.24600036 0.15073068]
[0.24525928 0.15006531]
[0.24432115 0.14887948]
[0.24275212 0.14795895]
[0.24140473 0.14714321]
[0.24040692 0.14629731]
[0.23860358 0.14503098]
[0.23860698 0.14419709]
[0.23759323 0.14366851]
[0.23540503 0.14295823]
[0.23540454 0.14177873]
[0.23459217 0.14100198]
[0.23361255 0.14054563]
[0.2316153  0.14039942]
[0.23086292 0.13963367]
[0.23031202 0.13913141]
[0.22906731 0.13851121]
[0.2286606  0.13763593]
[0.22863758 0.13673973]
[0.2279298  0.13576582]
[0.22655415 0.13536041]
[0.22577166 0.13488589]
[0.22493334 0.13432066]
[0.22512881 0.13329377]
[0.22389725 0.13287334]
[0.22374335 0.13215734]
[0.22209433 0.13198829]
[0.22088236 0.13166118]
[0.22007726 0.13148057]
[0.21991934 0.13083471]
[0.21942754 0.13089281]
[0.21947943 0.1301565 ]
[0.21814551 0.12988614]
[0.21797024 0.12934069]
[0.21570358 0.12951955]
[0.21569625 0.12898773]
[0.21480931 0.12889151]
[0.2148104  0.12846262]
[0.21459082 0.12783275]
[0.21369253 0.12750127]
[0.21299163 0.12744579]
[0.21314005 0.12660265]
[0.21225138 0.12634388]
[0.2113738  0.12575752]
[0.21138627 0.12524364]
[0.21110175 0.1248558 ]
[0.21007817 0.12474145]
[0.21001402 0.1243994 ]
[0.20904132 0.12417488]
[0.20905543 0.12346459]
[0.20773759 0.12343428]
[0.2072771  0.12297897]
[0.20634629 0.12290032]
[0.20589048 0.12256548]
[0.20582718 0.12215697]
[0.20425028 0.12213797]
[0.2044511  0.12131594]
[0.20392943 0.12058919]
[0.20263102 0.12033648]
[0.20127167 0.1199233 ]
[0.20091595 0.11916483]
[0.20112792 0.11784322]
[0.20040768 0.11759511]
[0.19826417 0.11787908]
[0.19766897 0.11744066]
[0.19702103 0.11686424]
[0.19696934 0.11608405]
[0.19682895 0.1151681 ]
[0.19646115 0.11483035]
[0.19573291 0.11446119]
[0.19544099 0.11367354]
[0.19436291 0.11369725]
[0.19335725 0.1128902 ]
[0.19258413 0.11236171]
[0.19266672 0.1115797 ]
[0.19201738 0.11107832]
[0.19100381 0.11070569]
[0.19127364 0.10948762]
[0.19077145 0.10875832]
[0.18959036 0.10849212]
[0.18842973 0.10837977]
[0.18745625 0.1082166 ]
[0.18692462 0.1080816 ]
[0.18653824 0.10708255]
[0.18531463 0.10684761]
[0.18472971 0.10634086]
[0.18458367 0.10592987]
[0.18481386 0.10542704]
[0.18368662 0.1051126 ]
[0.18324841 0.10423315]
[0.18262036 0.10363611]
[0.18124184 0.10366509]
[0.17993446 0.10311181]
[0.1789627  0.10256333]
[0.17742514 0.10235885]
[0.17693018 0.10120487]
[0.17630068 0.10050129]
[0.17450307 0.10053713]
[0.17403134 0.09959254]
[0.17331871 0.09884997]
[0.17253497 0.09839963]
[0.17262832 0.09743023]
[0.17179198 0.0969019 ]
[0.17213819 0.09627826]
[0.17215819 0.09507391]
[0.17178213 0.09441487]
[0.17138414 0.09375741]
[0.17105771 0.09296851]
[0.17026378 0.09266019]
[0.16950953 0.09237694]
[0.16935431 0.09169988]
[0.16889415 0.09129974]
[0.16813182 0.09086695]
[0.16780762 0.09022394]
[0.16665006 0.09011211]
[0.16648265 0.08977468]
[0.16668067 0.08890625]
[0.16714956 0.0879422 ]
[0.1665846  0.08781747]
[0.16554737 0.08783057]
[0.16545361 0.08772822]
[0.16532956 0.08743365]
[0.16487873 0.08727151]
[0.16485728 0.0867781 ]
[0.16389617 0.08680788]
[0.16223444 0.0870605 ]
[0.16207727 0.08669857]
[0.16297615 0.08559419]
[0.16247319 0.08492586]
[0.16199366 0.08476119]
[0.1615839  0.08439827]
[0.16131293 0.08404711]



Individual 110
Population size: 800
Generations: 200
Seed: 29
Max features: 40
Crossover probability: 0.9
Mutation probability: 1.0
Pool proportion (to population size): 0.5
Mean fitness values of each generation
[0.74067131 0.4805871 ]
[0.6781438 0.4375879]
[0.64023256 0.41492024]
[0.61135355 0.39613274]
[0.58794764 0.38067063]
[0.56457674 0.36930417]
[0.54434411 0.35774345]
[0.52701464 0.34577123]
[0.50902747 0.33553988]
[0.49115321 0.32354544]
[0.47171633 0.31359544]
[0.45672913 0.30261726]
[0.44053552 0.29436171]
[0.42698391 0.28591667]
[0.41510855 0.27812262]
[0.4034594 0.2712752]
[0.3905341  0.26553512]
[0.38344051 0.2581129 ]
[0.37634473 0.25231012]
[0.36732377 0.24754425]
[0.35952852 0.24141706]
[0.35242415 0.23468333]
[0.34366212 0.23047321]
[0.33772722 0.22555714]
[0.33148278 0.22039643]
[0.3269421  0.21658492]
[0.32119617 0.21457758]
[0.3169177  0.21083512]
[0.31252288 0.2077619 ]
[0.30738364 0.2047006 ]
[0.30437153 0.20177738]
[0.30258319 0.1992123 ]
[0.29873115 0.19702341]
[0.29530703 0.19556369]
[0.29316162 0.19257937]
[0.29002088 0.1898377 ]
[0.28829263 0.18856131]
[0.28470062 0.18750298]
[0.2819242  0.18613175]
[0.28043793 0.18348353]
[0.27805019 0.18156329]
[0.27617713 0.17974921]
[0.2747548  0.17741488]
[0.27219084 0.1762248 ]
[0.27048362 0.17461131]
[0.26908039 0.17339702]
[0.26514211 0.17314901]
[0.26456731 0.17120754]
[0.2637608  0.17015278]
[0.26274582 0.16884365]
[0.26095431 0.16774107]
[0.25957254 0.16683889]
[0.2577922  0.16597163]
[0.25723729 0.16462361]
[0.2550688  0.16405437]
[0.25362382 0.16269365]
[0.25195876 0.16185218]
[0.25040987 0.16074226]
[0.24844189 0.16038036]
[0.24744692 0.15939742]
[0.24674549 0.15851984]
[0.24455662 0.15811488]
[0.24260863 0.15772817]
[0.24178119 0.15664722]
[0.24078644 0.15543552]
[0.23969708 0.15509226]
[0.23916242 0.1542631 ]
[0.23831395 0.15363155]
[0.2368791 0.1531756]
[0.2363866  0.15148135]
[0.23587296 0.1505127 ]
[0.23459402 0.14996607]
[0.23266566 0.14953135]
[0.23083143 0.14918234]
[0.23002491 0.14775675]
[0.2284323  0.14624028]
[0.22614921 0.14589067]
[0.22483965 0.14418274]
[0.22376023 0.14281667]
[0.22245112 0.14146964]
[0.22144485 0.14034802]
[0.21982053 0.13886548]
[0.21876277 0.13808571]
[0.21676144 0.13684702]
[0.21574532 0.13556448]
[0.21503404 0.13458869]
[0.21312711 0.13423988]
[0.21078135 0.13398889]
[0.21023729 0.1322754 ]
[0.20923197 0.13132996]
[0.20747267 0.13034444]
[0.20591249 0.12925476]
[0.20393293 0.12874444]
[0.20256083 0.1280869 ]
[0.20158656 0.12724464]
[0.20125167 0.12558512]
[0.2004665  0.12486746]
[0.19991162 0.12362103]
[0.19959781 0.12268155]
[0.19927283 0.12200258]
[0.19889616 0.12079603]
[0.19767118 0.12044306]
[0.19590155 0.12008532]
[0.19513646 0.11966171]
[0.19495865 0.11886071]
[0.19404786 0.11852143]
[0.1936395  0.11758115]
[0.1927283  0.11651925]
[0.1918071  0.11597321]
[0.19079135 0.11558016]
[0.18970243 0.11524563]
[0.18893796 0.1145377 ]
[0.18811062 0.1139006 ]
[0.1869272  0.11346944]
[0.18636186 0.11256746]
[0.18555497 0.11201349]
[0.18436139 0.11138552]
[0.18368115 0.11071468]
[0.18359767 0.10922143]
[0.18247678 0.10911071]
[0.18181667 0.10855337]
[0.18069664 0.10827361]
[0.18028844 0.10756528]
[0.17944007 0.10731409]
[0.17912573 0.10652341]
[0.17802585 0.10650595]
[0.17740822 0.10612937]
[0.17677967 0.1059252 ]
[0.17598377 0.10563988]
[0.17540782 0.10506349]
[0.17455933 0.10489087]
[0.17404653 0.1043994 ]
[0.17315692 0.10402381]
[0.17272754 0.10370694]
[0.17230857 0.10328194]
[0.1721304  0.10285694]
[0.17201534 0.10220992]
[0.17142913 0.10179603]
[0.17052832 0.10193571]
[0.16988919 0.1019252 ]
[0.1689152  0.10201369]
[0.16854874 0.10168075]
[0.16797291 0.10142044]
[0.16775286 0.10067103]
[0.16729227 0.0999873 ]
[0.16697828 0.09953889]
[0.16670555 0.09901726]
[0.16629712 0.09857202]
[0.16561637 0.09835754]
[0.16500883 0.0982246 ]
[0.16488318 0.09782917]
[0.16455886 0.0974873 ]
[0.16420301 0.09710595]
[0.16379473 0.09669722]
[0.16317677 0.09664444]
[0.16296742 0.09634881]
[0.16251699 0.09613135]
[0.16202462 0.09616528]
[0.16161615 0.09593056]
[0.16117623 0.09578413]
[0.16100856 0.09548254]
[0.16053744 0.09535079]
[0.16008746 0.09513214]
[0.15952208 0.09498016]
[0.15882052 0.09489861]
[0.15839133 0.09489722]
[0.15811919 0.09478214]
[0.15758515 0.09494286]
[0.15735467 0.09488294]
[0.15708241 0.09499464]
[0.15708248 0.0946131 ]
[0.15662145 0.09471944]
[0.15655865 0.09433115]
[0.15655878 0.09376329]
[0.15640181 0.09373056]
[0.15611932 0.09331925]
[0.15583702 0.09305853]
[0.15536595 0.09297103]
[0.15515645 0.09271865]
[0.15496803 0.09252679]
[0.15497843 0.09213433]
[0.15484212 0.09172163]
[0.15434987 0.09182599]
[0.15397319 0.09169325]
[0.1533137  0.09193929]
[0.15278021 0.09191548]
[0.15228817 0.09180992]
[0.15133535 0.09206865]
[0.15118865 0.09191528]
[0.15089546 0.09180099]
[0.15063359 0.09172917]
[0.1500577  0.09171548]
[0.14983782 0.09154841]
[0.14973303 0.09135556]
[0.14977492 0.09113849]
[0.14919922 0.09102718]
[0.14885376 0.09096567]
[0.14833015 0.09104286]
[0.1475451  0.09125258]
[0.1473775  0.09092817]
[0.14700072 0.09085159]



